# date_modified : 2026-05-21
# orig_filename: 135_180nm_UVEX_Dichroic_vs_AOI.csv
# wavelength_unit: um
wavelength    reflection    transmission
0.1200        0.144960      0.000000
0.1210        0.131220      0.000000
0.1220        0.128820      0.000000
0.1230        0.135100      0.000000
0.1240        0.141960      0.000000
0.1250        0.140100      0.000000
0.1260        0.137180      0.000000
0.1270        0.133440      0.000000
0.1280        0.109720      0.000000
0.1290        0.100380      0.000000
0.1300        0.103220      0.000000
0.1310        0.120700      0.000000
0.1320        0.172340      0.000000
0.1330        0.247640      0.000000
0.1340        0.315220      0.000000
0.1350        0.392400      0.000000
0.1360        0.444060      0.000000
0.1370        0.456480      0.000000
0.1380        0.457220      0.000000
0.1390        0.460100      0.000000
0.1400        0.463320      0.000000
0.1410        0.463100      0.000000
0.1420        0.462440      0.000000
0.1430        0.461360      0.000000
0.1440        0.468440      0.000000
0.1450        0.476880      0.000000
0.1460        0.472860      0.000000
0.1470        0.463880      0.000000
0.1480        0.451060      0.000000
0.1490        0.441700      0.000000
0.1500        0.445780      0.000000
0.1510        0.467480      0.000000
0.1520        0.489600      0.000000
0.1530        0.511380      0.000000
0.1540        0.527880      0.000000
0.1550        0.538040      0.000000
0.1560        0.538460      0.000000
0.1570        0.537900      0.000000
0.1580        0.540020      0.000000
0.1590        0.543840      0.000000
0.1600        0.547080      0.000000
0.1610        0.538480      0.000000
0.1620        0.527480      0.000100
0.1630        0.520120      0.000680
0.1640        0.515820      0.004400
0.1650        0.513800      0.010980
0.1660        0.523520      0.029320
0.1670        0.531880      0.050120
0.1680        0.535300      0.087080
0.1690        0.536740      0.120200
0.1700        0.545640      0.166640
0.1710        0.560540      0.194840
0.1720        0.579220      0.230020
0.1730        0.595640      0.246980
0.1740        0.605520      0.260380
0.1750        0.604660      0.284800
0.1760        0.583380      0.321600
0.1770        0.553220      0.362360
0.1780        0.516560      0.410860
0.1790        0.478960      0.455620
0.1800        0.445880      0.497320
0.1810        0.413600      0.532140
0.1820        0.382700      0.565780
0.1830        0.351600      0.603260
0.1840        0.313420      0.645740
0.1850        0.274620      0.685100
0.1860        0.236400      0.723920
0.1870        0.200060      0.761080
0.1880        0.166960      0.795140
0.1890        0.138800      0.824540
0.1900        0.116880      0.848020
0.1910        0.100760      0.864880
0.1920        0.091160      0.875600
0.1930        0.086880      0.880920
0.1940        0.086140      0.882720
0.1950        0.088060      0.881740
0.1960        0.091540      0.879200
0.1970        0.095700      0.875900
0.1980        0.099500      0.872920
0.1990        0.102100      0.871220
0.2000        0.102700      0.871460
0.2010        0.101280      0.873600
0.2020        0.098080      0.877480
0.2030        0.094060      0.882320
0.2040        0.090320      0.886860
0.2050        0.087820      0.890060
0.2060        0.087140      0.891500
0.2070        0.088280      0.891300
0.2080        0.090640      0.889860
0.2090        0.093340      0.888100
0.2100        0.095320      0.887040
0.2110        0.095700      0.886780
0.2120        0.094420      0.888100
0.2130        0.091780      0.890820
0.2140        0.088280      0.894280
0.2150        0.084820      0.897940
0.2160        0.082000      0.900960
0.2170        0.080200      0.902360
0.2180        0.079700      0.902500
0.2190        0.080460      0.901500
0.2200        0.082120      0.899540
0.2210        0.084320      0.897120
0.2220        0.086420      0.894700
0.2230        0.088060      0.892760
0.2240        0.088900      0.891580
0.2250        0.088900      0.891280
0.2260        0.088080      0.891760
0.2270        0.086760      0.892720
0.2280        0.085260      0.893880
0.2290        0.083980      0.894760
0.2300        0.083320      0.895160
0.2310        0.083340      0.894800
0.2320        0.084140      0.893700
0.2330        0.085540      0.892040
0.2340        0.087220      0.890100
0.2350        0.088800      0.888280
0.2360        0.089940      0.886920
0.2370        0.090320      0.886260
0.2380        0.089740      0.886560
0.2390        0.088180      0.887800
0.2400        0.085700      0.889920
0.2410        0.082180      0.893380
0.2420        0.078080      0.897340
0.2430        0.073940      0.901400
0.2440        0.070180      0.905060
0.2450        0.067180      0.907980
0.2460        0.065240      0.909880
0.2470        0.064480      0.910600
0.2480        0.064900      0.910200
0.2490        0.066300      0.908880
0.2500        0.068360      0.906860
0.2510        0.070880      0.904760
0.2520        0.073500      0.902640
0.2530        0.075880      0.900700
0.2540        0.077780      0.899180
0.2550        0.079120      0.898220
0.2560        0.079860      0.897900
0.2570        0.080020      0.898100
0.2580        0.079780      0.898740
0.2590        0.079280      0.899520
0.2600        0.078740      0.900380
0.2610        0.078400      0.900740
0.2620        0.078400      0.900760
0.2630        0.078880      0.900340
0.2640        0.079840      0.899480
0.2650        0.081200      0.898200
0.2660        0.082820      0.896660
0.2670        0.084560      0.895020
0.2680        0.086120      0.893580
0.2690        0.087360      0.892440
0.2700        0.088140      0.891740
0.2710        0.088340      0.891580
0.2720        0.087980      0.892000
0.2730        0.087040      0.892960
0.2740        0.085640      0.894380
0.2750        0.083840      0.896240
0.2760        0.081780      0.898300
0.2770        0.079660      0.900460
0.2780        0.077580      0.902560
0.2790        0.075760      0.904400
0.2800        0.074300      0.905900
0.2810        0.073340      0.906880
0.2820        0.072960      0.907300
0.2830        0.073180      0.907180
0.2840        0.073920      0.906560
0.2850        0.075040      0.905500
0.2860        0.076480      0.904140
0.2870        0.077980      0.902720
0.2880        0.079460      0.901340
0.2890        0.080760      0.900140
0.2900        0.081680      0.899300
0.2910        0.082160      0.898860
0.2920        0.082220      0.898900
0.2930        0.081740      0.899380
0.2940        0.080840      0.900300
0.2950        0.079540      0.901660
0.2960        0.077920      0.903320
0.2970        0.076060      0.905220
0.2980        0.074040      0.907240
0.2990        0.072000      0.909320
0.3000        0.070020      0.911320
0.3010        0.068380      0.913080
0.3020        0.067020      0.914660
0.3030        0.065880      0.915920
0.3040        0.065120      0.916860
0.3050        0.064720      0.917460
0.3060        0.064600      0.917740
0.3070        0.064900      0.917640
0.3080        0.065440      0.917280
0.3090        0.066260      0.916660
0.3100        0.067240      0.915840
0.3110        0.068420      0.914880
0.3120        0.069600      0.913880
0.3130        0.070840      0.912840
0.3140        0.072040      0.911840
0.3150        0.073140      0.910920
0.3160        0.074180      0.910080
0.3170        0.075140      0.909320
0.3180        0.075900      0.908740
0.3190        0.076560      0.908260
0.3200        0.077120      0.907880
0.3210        0.077580      0.907560
0.3220        0.077940      0.907360
0.3230        0.078280      0.907220
0.3240        0.078540      0.907120
0.3250        0.078800      0.907020
0.3260        0.079020      0.906920
0.3270        0.079300      0.906840
0.3280        0.079580      0.906720
0.3290        0.079900      0.906560
0.3300        0.080260      0.906340
0.3310        0.080640      0.906100
0.3320        0.081080      0.905840
0.3330        0.081520      0.905540
0.3340        0.081960      0.905240
0.3350        0.082440      0.904940
0.3360        0.082860      0.904640
0.3370        0.083280      0.904360
0.3380        0.083660      0.904180
0.3390        0.083960      0.903980
0.3400        0.084260      0.903880
0.3410        0.084420      0.903820
0.3420        0.084580      0.903860
0.3430        0.084600      0.903960
0.3440        0.084560      0.904140
0.3450        0.084460      0.904400
0.3460        0.084280      0.904720
0.3470        0.084040      0.905120
0.3480        0.083760      0.905500
0.3490        0.083420      0.905980
0.3500        0.083080      0.906480
0.3510        0.082800      0.906920
0.3520        0.082500      0.907360
0.3530        0.082240      0.907740
0.3540        0.082040      0.908100
0.3550        0.081880      0.908400
0.3560        0.081840      0.908620
0.3570        0.081900      0.908700
0.3580        0.082060      0.908640
0.3590        0.082360      0.908500
0.3600        0.082840      0.908160
0.3610        0.083460      0.907700
0.3620        0.084240      0.907080
0.3630        0.085200      0.906280
0.3640        0.086300      0.905280
0.3650        0.087620      0.904160
0.3660        0.089020      0.902860
0.3670        0.090600      0.901440
0.3680        0.092320      0.899900
0.3690        0.094140      0.898260
0.3700        0.095980      0.896540
0.3710        0.097880      0.894800
0.3720        0.099760      0.893020
0.3730        0.101660      0.891320
0.3740        0.103440      0.889660
0.3750        0.105160      0.888100
0.3760        0.106700      0.886660
0.3770        0.108100      0.885420
0.3780        0.109300      0.884340
0.3790        0.110320      0.883460
0.3800        0.111100      0.882840
0.3810        0.111580      0.882420
0.3820        0.111860      0.882260
0.3830        0.111900      0.882420
0.3840        0.111660      0.882740
0.3850        0.111160      0.883340
0.3860        0.110420      0.884200
0.3870        0.109480      0.885240
0.3880        0.108300      0.886560
0.3890        0.106920      0.888040
0.3900        0.105400      0.889680
0.3910        0.103680      0.891500
0.3920        0.101860      0.893420
0.3930        0.099940      0.895480
0.3940        0.097900      0.897620
0.3950        0.095800      0.899820
0.3960        0.093660      0.902100
0.3970        0.091460      0.904380
0.3980        0.089260      0.906680
0.3990        0.087100      0.908960
0.4000        0.084980      0.911180
0.4010        0.082820      0.913340
0.4020        0.080740      0.915400
0.4030        0.078780      0.917420
0.4040        0.076880      0.919300
0.4050        0.075140      0.921080
0.4060        0.073520      0.922720
0.4070        0.072020      0.924220
0.4080        0.070680      0.925580
0.4090        0.069520      0.926800
0.4100        0.068520      0.927820
0.4110        0.067660      0.928660
0.4120        0.066980      0.929340
0.4130        0.066500      0.929860
0.4140        0.066180      0.930200
0.4150        0.066060      0.930340
0.4160        0.066080      0.930320
0.4170        0.066280      0.930160
0.4180        0.066600      0.929840
0.4190        0.067120      0.929380
0.4200        0.067720      0.928780
0.4210        0.068480      0.928080
0.4220        0.069320      0.927240
0.4230        0.070280      0.926300
0.4240        0.071300      0.925300
0.4250        0.072360      0.924280
0.4260        0.073480      0.923180
0.4270        0.074600      0.922060
0.4280        0.075740      0.920940
0.4290        0.076880      0.919820
0.4300        0.078000      0.918720
0.4310        0.079100      0.917660
0.4320        0.080100      0.916640
0.4330        0.081100      0.915680
0.4340        0.081980      0.914820
0.4350        0.082780      0.914040
0.4360        0.083500      0.913360
0.4370        0.084120      0.912780
0.4380        0.084600      0.912280
0.4390        0.085000      0.911900
0.4400        0.085280      0.911660
0.4410        0.085460      0.911480
0.4420        0.085540      0.911420
0.4430        0.085500      0.911500
0.4440        0.085340      0.911660
0.4450        0.085080      0.911960
0.4460        0.084680      0.912300
0.4470        0.084240      0.912780
0.4480        0.083720      0.913340
0.4490        0.083080      0.913980
0.4500        0.082360      0.914720
0.4510        0.081560      0.915520
0.4520        0.080720      0.916400
0.4530        0.079800      0.917320
0.4540        0.078840      0.918300
0.4550        0.077820      0.919300
0.4560        0.076800      0.920340
0.4570        0.075760      0.921420
0.4580        0.074680      0.922460
0.4590        0.073600      0.923580
0.4600        0.072520      0.924680
0.4610        0.071440      0.925760
0.4620        0.070380      0.926840
0.4630        0.069340      0.927920
0.4640        0.068300      0.928940
0.4650        0.067300      0.929980
0.4660        0.066340      0.930920
0.4670        0.065400      0.931840
0.4680        0.064500      0.932780
0.4690        0.063640      0.933640
0.4700        0.062840      0.934440
0.4710        0.062120      0.935200
0.4720        0.061400      0.935920
0.4730        0.060800      0.936580
0.4740        0.060180      0.937180
0.4750        0.059640      0.937700
0.4760        0.059160      0.938220
0.4770        0.058740      0.938660
0.4780        0.058380      0.939020
0.4790        0.058080      0.939360
0.4800        0.057800      0.939600
0.4810        0.057600      0.939840
0.4820        0.057440      0.939980
0.4830        0.057340      0.940100
0.4840        0.057320      0.940160
0.4850        0.057300      0.940220
0.4860        0.057360      0.940200
0.4870        0.057440      0.940080
0.4880        0.057540      0.939980
0.4890        0.057680      0.939860
0.4900        0.057860      0.939720
0.4910        0.058080      0.939500
0.4920        0.058320      0.939280
0.4930        0.058580      0.939020
0.4940        0.058860      0.938780
0.4950        0.059180      0.938460
0.4960        0.059480      0.938160
0.4970        0.059800      0.937840
0.4980        0.060160      0.937520
0.4990        0.060500      0.937180
0.5000        0.060840      0.936860
0.5010        0.061200      0.936500
0.5020        0.061560      0.936180
0.5030        0.061940      0.935820
0.5040        0.062300      0.935480
0.5050        0.062640      0.935120
0.5060        0.062980      0.934780
0.5070        0.063360      0.934420
0.5080        0.063700      0.934120
0.5090        0.064020      0.933800
0.5100        0.064340      0.933480
0.5110        0.064680      0.933180
0.5120        0.064960      0.932880
0.5130        0.065260      0.932600
0.5140        0.065540      0.932320
0.5150        0.065820      0.932060
0.5160        0.066100      0.931820
0.5170        0.066360      0.931600
0.5180        0.066600      0.931340
0.5190        0.066820      0.931120
0.5200        0.067020      0.930940
0.5210        0.067220      0.930740
0.5220        0.067440      0.930540
0.5230        0.067620      0.930380
0.5240        0.067780      0.930220
0.5250        0.067920      0.930120
0.5260        0.068060      0.929960
0.5270        0.068180      0.929820
0.5280        0.068300      0.929700
0.5290        0.068440      0.929620
0.5300        0.068560      0.929520
0.5310        0.068660      0.929440
0.5320        0.068720      0.929360
0.5330        0.068800      0.929320
0.5340        0.068900      0.929220
0.5350        0.068940      0.929180
0.5360        0.068980      0.929120
0.5370        0.069020      0.929100
0.5380        0.069060      0.929080
0.5390        0.069100      0.929060
0.5400        0.069120      0.929040
0.5410        0.069140      0.929040
0.5420        0.069160      0.929040
0.5430        0.069160      0.929020
0.5440        0.069160      0.929020
0.5450        0.069200      0.929060
0.5460        0.069160      0.929060
0.5470        0.069160      0.929080
0.5480        0.069140      0.929120
0.5490        0.069100      0.929120
0.5500        0.069100      0.929180
0.5510        0.069060      0.929200
0.5520        0.069020      0.929260
0.5530        0.068980      0.929320
0.5540        0.068920      0.929360
0.5550        0.068880      0.929400
0.5560        0.068820      0.929480
0.5570        0.068760      0.929540
0.5580        0.068700      0.929620
0.5590        0.068620      0.929680
0.5600        0.068560      0.929780
0.5610        0.068460      0.929840
0.5620        0.068360      0.929920
0.5630        0.068300      0.930020
0.5640        0.068200      0.930120
0.5650        0.068100      0.930260
0.5660        0.067980      0.930340
0.5670        0.067880      0.930480
0.5680        0.067760      0.930580
0.5690        0.067640      0.930700
0.5700        0.067520      0.930820
0.5710        0.067380      0.930960
0.5720        0.067260      0.931120
0.5730        0.067140      0.931240
0.5740        0.066960      0.931380
0.5750        0.066800      0.931540
0.5760        0.066680      0.931720
0.5770        0.066480      0.931880
0.5780        0.066360      0.932060
0.5790        0.066180      0.932220
0.5800        0.066000      0.932400
0.5810        0.065800      0.932580
0.5820        0.065640      0.932760
0.5830        0.065460      0.932960
0.5840        0.065260      0.933140
0.5850        0.065040      0.933340
0.5860        0.064860      0.933560
0.5870        0.064660      0.933760
0.5880        0.064440      0.933960
0.5890        0.064240      0.934160
0.5900        0.064040      0.934400
0.5910        0.063840      0.934620
0.5920        0.063600      0.934820
0.5930        0.063420      0.935040
0.5940        0.063180      0.935260
0.5950        0.062960      0.935460
0.5960        0.062760      0.935680
0.5970        0.062520      0.935900
0.5980        0.062300      0.936160
0.5990        0.062100      0.936360
0.6000        0.061860      0.936600
0.6010        0.061660      0.936840
0.6020        0.061420      0.937000
0.6030        0.061200      0.937240
0.6040        0.060980      0.937460
0.6050        0.060800      0.937700
0.6060        0.060600      0.937880
0.6070        0.060380      0.938100
0.6080        0.060200      0.938280
0.6090        0.060000      0.938480
0.6100        0.059800      0.938700
0.6110        0.059600      0.938880
0.6120        0.059440      0.939080
0.6130        0.059240      0.939260
0.6140        0.059080      0.939400
0.6150        0.058920      0.939600
0.6160        0.058760      0.939760
0.6170        0.058580      0.939900
0.6180        0.058460      0.940060
0.6190        0.058280      0.940220
0.6200        0.058160      0.940340
0.6210        0.058040      0.940460
0.6220        0.057940      0.940580
0.6230        0.057820      0.940700
0.6240        0.057740      0.940820
0.6250        0.057620      0.940920
0.6260        0.057540      0.941000
0.6270        0.057460      0.941080
0.6280        0.057400      0.941160
0.6290        0.057360      0.941220
0.6300        0.057280      0.941300
0.6310        0.057240      0.941320
0.6320        0.057200      0.941360
0.6330        0.057160      0.941380
0.6340        0.057180      0.941400
0.6350        0.057160      0.941420
0.6360        0.057140      0.941400
0.6370        0.057160      0.941420
0.6380        0.057200      0.941380
0.6390        0.057220      0.941360
0.6400        0.057260      0.941300
0.6410        0.057300      0.941300
0.6420        0.057360      0.941240
0.6430        0.057420      0.941160
0.6440        0.057500      0.941100
0.6450        0.057560      0.941020
0.6460        0.057660      0.940940
0.6470        0.057780      0.940860
0.6480        0.057860      0.940740
0.6490        0.057960      0.940620
0.6500        0.058120      0.940500
0.6510        0.058240      0.940380
0.6520        0.058360      0.940240
0.6530        0.058500      0.940120
0.6540        0.058660      0.939980
0.6550        0.058800      0.939820
0.6560        0.058980      0.939660
0.6570        0.059140      0.939500
0.6580        0.059320      0.939320
0.6590        0.059500      0.939160
0.6600        0.059660      0.938980
0.6610        0.059880      0.938800
0.6620        0.060080      0.938580
0.6630        0.060260      0.938420
0.6640        0.060460      0.938240
0.6650        0.060660      0.938000
0.6660        0.060860      0.937780
0.6670        0.061100      0.937600
0.6680        0.061300      0.937380
0.6690        0.061520      0.937160
0.6700        0.061740      0.936920
0.6710        0.061960      0.936700
0.6720        0.062180      0.936520
0.6730        0.062420      0.936300
0.6740        0.062640      0.936060
0.6750        0.062860      0.935840
0.6760        0.063100      0.935600
0.6770        0.063320      0.935400
0.6780        0.063540      0.935140
0.6790        0.063780      0.934940
0.6800        0.064020      0.934700
0.6810        0.064220      0.934480
0.6820        0.064460      0.934240
0.6830        0.064700      0.934040
0.6840        0.064920      0.933820
0.6850        0.065140      0.933600
0.6860        0.065340      0.933380
0.6870        0.065580      0.933180
0.6880        0.065780      0.932960
0.6890        0.066020      0.932740
0.6900        0.066220      0.932520
0.6910        0.066440      0.932360
0.6920        0.066640      0.932120
0.6930        0.066820      0.931900
0.6940        0.067020      0.931760
0.6950        0.067200      0.931560
0.6960        0.067400      0.931380
0.6970        0.067580      0.931200
0.6980        0.067780      0.931000
0.6990        0.067960      0.930820
0.7000        0.068120      0.930680
0.7010        0.068300      0.930520
0.7020        0.068420      0.930360
0.7030        0.068580      0.930200
0.7040        0.068740      0.930040
0.7050        0.068900      0.929900
0.7060        0.069040      0.929760
0.7070        0.069180      0.929640
0.7080        0.069300      0.929520
0.7090        0.069440      0.929400
0.7100        0.069560      0.929260
0.7110        0.069680      0.929160
0.7120        0.069780      0.929040
0.7130        0.069860      0.928960
0.7140        0.069960      0.928860
0.7150        0.070020      0.928780
0.7160        0.070120      0.928700
0.7170        0.070200      0.928620
0.7180        0.070280      0.928540
0.7190        0.070340      0.928480
0.7200        0.070420      0.928440
0.7210        0.070460      0.928380
0.7220        0.070520      0.928340
0.7230        0.070560      0.928300
0.7240        0.070600      0.928260
0.7250        0.070620      0.928220
0.7260        0.070660      0.928220
0.7270        0.070680      0.928200
0.7280        0.070680      0.928180
0.7290        0.070700      0.928180
0.7300        0.070720      0.928180
0.7310        0.070720      0.928160
0.7320        0.070700      0.928180
0.7330        0.070640      0.928200
0.7340        0.070640      0.928240
0.7350        0.070640      0.928260
0.7360        0.070580      0.928260
0.7370        0.070560      0.928320
0.7380        0.070520      0.928360
0.7390        0.070480      0.928380
0.7400        0.070440      0.928460
0.7410        0.070380      0.928500
0.7420        0.070340      0.928560
0.7430        0.070260      0.928620
0.7440        0.070200      0.928700
0.7450        0.070140      0.928780
0.7460        0.070060      0.928860
0.7470        0.070000      0.928920
0.7480        0.069880      0.929000
0.7490        0.069820      0.929080
0.7500        0.069740      0.929180
0.7510        0.069640      0.929280
0.7520        0.069560      0.929380
0.7530        0.069440      0.929460
0.7540        0.069360      0.929580
0.7550        0.069240      0.929700
0.7560        0.069140      0.929780
0.7570        0.069040      0.929900
0.7580        0.068920      0.930040
0.7590        0.068800      0.930120
0.7600        0.068700      0.930240
0.7610        0.068540      0.930340
0.7620        0.068440      0.930500
0.7630        0.068300      0.930600
0.7640        0.068200      0.930740
0.7650        0.068060      0.930860
0.7660        0.067920      0.931000
0.7670        0.067820      0.931140
0.7680        0.067680      0.931260
0.7690        0.067560      0.931380
0.7700        0.067400      0.931560
0.7710        0.067280      0.931680
0.7720        0.067140      0.931800
0.7730        0.067000      0.931960
0.7740        0.066880      0.932100
0.7750        0.066720      0.932200
0.7760        0.066620      0.932380
0.7770        0.066440      0.932520
0.7780        0.066300      0.932660
0.7790        0.066160      0.932800
0.7800        0.066040      0.932920
0.7810        0.065900      0.933100
0.7820        0.065720      0.933220
0.7830        0.065620      0.933360
0.7840        0.065460      0.933520
0.7850        0.065300      0.933680
0.7860        0.065200      0.933800
0.7870        0.065020      0.933940
0.7880        0.064920      0.934100
0.7890        0.064780      0.934220
0.7900        0.064620      0.934340
0.7910        0.064500      0.934520
0.7920        0.064380      0.934620
0.7930        0.064220      0.934760
0.7940        0.064140      0.934900
0.7950        0.063980      0.935020
0.7960        0.063840      0.935140
0.7970        0.063720      0.935280
0.7980        0.063600      0.935400
0.7990        0.063460      0.935560
0.8000        0.063360      0.935660
0.8010        0.063240      0.935800
0.8020        0.063120      0.935880
0.8030        0.063020      0.936000
0.8040        0.062900      0.936140
0.8050        0.062780      0.936240
0.8060        0.062660      0.936340
0.8070        0.062560      0.936480
0.8080        0.062440      0.936580
0.8090        0.062360      0.936680
0.8100        0.062220      0.936760
0.8110        0.062140      0.936900
0.8120        0.062040      0.936980
0.8130        0.061960      0.937100
0.8140        0.061860      0.937200
0.8150        0.061760      0.937280
0.8160        0.061680      0.937380
0.8170        0.061560      0.937480
0.8180        0.061480      0.937580
0.8190        0.061400      0.937680
0.8200        0.061320      0.937740
0.8210        0.061220      0.937820
0.8220        0.061160      0.937900
0.8230        0.061080      0.937960
0.8240        0.061020      0.938060
0.8250        0.060940      0.938120
0.8260        0.060840      0.938200
0.8270        0.060800      0.938280
0.8280        0.060760      0.938340
0.8290        0.060660      0.938420
0.8300        0.060600      0.938460
0.8310        0.060560      0.938520
0.8320        0.060480      0.938600
0.8330        0.060400      0.938640
0.8340        0.060360      0.938700
0.8350        0.060320      0.938760
0.8360        0.060280      0.938840
0.8370        0.060220      0.938880
0.8380        0.060180      0.938900
0.8390        0.060120      0.938940
0.8400        0.060080      0.939000
0.8410        0.060060      0.939040
0.8420        0.060020      0.939100
0.8430        0.059960      0.939100
0.8440        0.059920      0.939160
0.8450        0.059900      0.939200
0.8460        0.059880      0.939220
0.8470        0.059840      0.939260
0.8480        0.059800      0.939300
0.8490        0.059780      0.939320
0.8500        0.059740      0.939360
0.8510        0.059740      0.939400
0.8520        0.059680      0.939420
0.8530        0.059680      0.939440
0.8540        0.059640      0.939460
0.8550        0.059620      0.939480
0.8560        0.059640      0.939500
0.8570        0.059600      0.939540
0.8580        0.059600      0.939560
0.8590        0.059580      0.939560
0.8600        0.059560      0.939580
0.8610        0.059540      0.939580
0.8620        0.059520      0.939600
0.8630        0.059520      0.939600
0.8640        0.059540      0.939620
0.8650        0.059500      0.939620
0.8660        0.059500      0.939620
0.8670        0.059500      0.939640
0.8680        0.059500      0.939640
0.8690        0.059500      0.939660
0.8700        0.059500      0.939620
0.8710        0.059480      0.939640
0.8720        0.059500      0.939660
0.8730        0.059540      0.939660
0.8740        0.059520      0.939660
0.8750        0.059520      0.939640
0.8760        0.059480      0.939640
0.8770        0.059520      0.939640
0.8780        0.059520      0.939640
0.8790        0.059520      0.939620
0.8800        0.059520      0.939640
0.8810        0.059540      0.939620
0.8820        0.059560      0.939620
0.8830        0.059580      0.939620
0.8840        0.059560      0.939620
0.8850        0.059580      0.939600
0.8860        0.059580      0.939580
0.8870        0.059600      0.939580
0.8880        0.059620      0.939540
0.8890        0.059640      0.939560
0.8900        0.059640      0.939560
0.8910        0.059640      0.939540
0.8920        0.059640      0.939500
0.8930        0.059680      0.939500
0.8940        0.059720      0.939500
0.8950        0.059720      0.939460
0.8960        0.059740      0.939440
0.8970        0.059740      0.939420
0.8980        0.059780      0.939420
0.8990        0.059780      0.939400
0.9000        0.059800      0.939380
0.9010        0.059820      0.939380
0.9020        0.059860      0.939360
0.9030        0.059860      0.939340
0.9040        0.059880      0.939300
0.9050        0.059900      0.939300
0.9060        0.059920      0.939280
0.9070        0.059940      0.939260
0.9080        0.059960      0.939240
0.9090        0.059980      0.939240
0.9100        0.060020      0.939220
0.9110        0.060040      0.939180
0.9120        0.060040      0.939180
0.9130        0.060080      0.939160
0.9140        0.060100      0.939160
0.9150        0.060120      0.939080
0.9160        0.060120      0.939080
0.9170        0.060140      0.939060
0.9180        0.060200      0.939060
0.9190        0.060220      0.939020
0.9200        0.060220      0.939020
0.9210        0.060220      0.939000
0.9220        0.060280      0.938980
0.9230        0.060300      0.938920
0.9240        0.060300      0.938920
0.9250        0.060320      0.938900
0.9260        0.060380      0.938880
0.9270        0.060400      0.938860
0.9280        0.060400      0.938840
0.9290        0.060400      0.938840
0.9300        0.060460      0.938800
0.9310        0.060480      0.938780
0.9320        0.060500      0.938740
0.9330        0.060500      0.938740
0.9340        0.060540      0.938740
0.9350        0.060560      0.938720
0.9360        0.060600      0.938640
0.9370        0.060600      0.938640
0.9380        0.060640      0.938640
0.9390        0.060660      0.938620
0.9400        0.060680      0.938580
0.9410        0.060700      0.938540
0.9420        0.060740      0.938540
0.9430        0.060740      0.938540
0.9440        0.060780      0.938500
0.9450        0.060780      0.938480
0.9460        0.060840      0.938440
0.9470        0.060840      0.938440
0.9480        0.060860      0.938420
0.9490        0.060880      0.938380
0.9500        0.060900      0.938380
0.9510        0.060940      0.938340
0.9520        0.060940      0.938340
0.9530        0.060980      0.938300
0.9540        0.061000      0.938280
0.9550        0.061040      0.938280
0.9560        0.061040      0.938240
0.9570        0.061060      0.938200
0.9580        0.061100      0.938180
0.9590        0.061120      0.938180
0.9600        0.061140      0.938180
0.9610        0.061160      0.938140
0.9620        0.061180      0.938100
0.9630        0.061220      0.938080
0.9640        0.061240      0.938080
0.9650        0.061260      0.938080
0.9660        0.061280      0.938020
0.9670        0.061280      0.937980
0.9680        0.061320      0.937980
0.9690        0.061360      0.937980
0.9700        0.061380      0.937920
0.9710        0.061380      0.937920
0.9720        0.061400      0.937900
0.9730        0.061440      0.937880
0.9740        0.061480      0.937880
0.9750        0.061480      0.937820
0.9760        0.061480      0.937820
0.9770        0.061540      0.937800
0.9780        0.061560      0.937800
0.9790        0.061580      0.937720
0.9800        0.061580      0.937720
0.9810        0.061640      0.937720
0.9820        0.061660      0.937700
0.9830        0.061660      0.937640
0.9840        0.061660      0.937640
0.9850        0.061720      0.937620
0.9860        0.061760      0.937620
0.9870        0.061760      0.937580
0.9880        0.061760      0.937540
0.9890        0.061800      0.937540
0.9900        0.061840      0.937540
0.9910        0.061860      0.937520
0.9920        0.061860      0.937440
0.9930        0.061880      0.937440
0.9940        0.061920      0.937440
0.9950        0.061940      0.937440
0.9960        0.061940      0.937380
0.9970        0.061980      0.937360
0.9980        0.062000      0.937360
0.9990        0.062020      0.937360
1.0000        0.062040      0.937300
