"Input Spectrum" 
 F_nu 
 GRID1D { scale: 1.0, step_size: 1.0, minimum_value: 80.0, maximum_value: 1100.0, snap_precision: 0.01, label: "" } 
 "Input spectrum with FUV and 3 mirror curves  abd QE" 
 
 

80.0   8.993270180659251e-10
81.0   8.882242153737532e-10
82.0   8.77392212747244e-10
83.0   8.668212222322168e-10
84.0   8.565019219675476e-10
85.0   8.464254287679294e-10
86.0   8.365832726194651e-10
87.0   8.269673729341839e-10
88.0   8.175700164235682e-10
89.0   8.083838364637528e-10
90.0   7.994017938363776e-10
91.0   7.906171587392748e-10
92.0   7.820234939703695e-10
93.0   7.736146391964946e-10
94.0   7.653846962263192e-10
95.0   7.573280152134105e-10
96.0   7.494391817216041e-10
97.0   7.417130045904535e-10
98.0   7.341445045436123e-10
99.0   7.267289034876162e-10
100.0   7.194616144527401e-10
101.0   9.794650691807106e-10
102.0   2.2924022029131423e-9
103.0   4.714918347141743e-9
104.0   8.359129334587123e-9
105.0   1.4389232289054798e-8
106.0   2.4038615262768434e-8
107.0   3.5664900124545875e-8
108.0   4.3023360432166165e-8
109.0   5.109937613353177e-8
110.0   5.970986353280125e-8
111.0   5.384848862879581e-8
112.0   4.976403523110692e-8
113.0   4.75498483384338e-8
114.0   4.5409912012066546e-8
115.0   4.448550269478311e-8
116.0   4.5700703941952883e-8
117.0   4.954371607703689e-8
118.0   5.48843905004039e-8
119.0   6.19313480472325e-8
120.0   7.11884626428872e-8
121.0   7.518035935299243e-8
122.0   8.766758681367345e-8
123.0   1.1147966590062957e-7
124.0   1.4623633359132702e-7
125.0   1.8611373723189887e-7
126.0   2.4212764728820635e-7
127.0   3.234560514920265e-7
128.0   3.787675418758906e-7
129.0   5.124054408500783e-7
130.0   8.095592131973535e-7
131.0   1.510638170036967e-6
132.0   3.549129831309418e-6
133.0   8.478314720924114e-6
134.0   1.5361363664263072e-5
135.0   2.2072530613592467e-5
136.0   2.84958448679615e-5
137.0   3.29559215278177e-5
138.0   3.655250685651144e-5
139.0   4.005008035031644e-5
140.0   4.318591018384553e-5
141.0   4.5580417233415875e-5
142.0   4.740226975932139e-5
143.0   4.8679921116012315e-5
144.0   5.044129899431781e-5
145.0   5.202523501233122e-5
146.0   5.181979503493831e-5
147.0   5.0857524886053876e-5
148.0   4.932022178757491e-5
149.0   4.805295655511125e-5
150.0   4.8156655269340935e-5
151.0   5.006338514489923e-5
152.0   5.185479379493222e-5
153.0   5.339866236775027e-5
154.0   5.41477133051652e-5
155.0   5.299114394670471e-5
156.0   4.9342134340940956e-5
157.0   4.4954724452648434e-5
158.0   4.040749926035356e-5
159.0   3.5895604405605535e-5
160.0   3.1539730155688275e-5
161.0   2.7207205383858723e-5
162.0   2.4237331074802134e-5
163.0   2.1747771842640857e-5
164.0   1.9654964153331085e-5
165.0   1.7875658074405675e-5
166.0   1.6660195916937424e-5
167.0   1.5526008744500665e-5
168.0   1.437229151202119e-5
169.0   1.328983144768327e-5
170.0   1.2491362915415721e-5
171.0   1.1919044921524791e-5
172.0   1.147179515295714e-5
173.0   1.1007478645784211e-5
174.0   1.0457182044602205e-5
175.0   9.769567717226854e-6
176.0   8.834094708520857e-6
177.0   7.855907317980849e-6
178.0   6.885765681444801e-6
179.0   5.9934201175414515e-6
180.0   5.23566286985743e-6
181.0   4.591548567327082e-6
182.0   4.012365332537208e-6
183.0   3.476670871871698e-6
184.0   2.9189180174167654e-6
185.0   2.4056628378248266e-6
186.0   1.943397088116376e-6
187.0   1.540410853667645e-6
188.0   1.2017141370981036e-6
189.0   9.319818754439289e-7
190.0   7.306885244270688e-7
191.0   5.852900368663462e-7
192.0   4.910395041698826e-7
193.0   4.3319836649331923e-7
194.0   3.9696082321728046e-7
195.0   3.74499022076334e-7
196.0   3.583941661345379e-7
197.0   3.4453673987190667e-7
198.0   3.290696702418718e-7
199.0   3.100581292967042e-7
200.0   2.8623531585935087e-7
201.0   2.5996558593640974e-7
202.0   2.318210978163946e-7
203.0   2.047401559954914e-7
204.0   1.8109207425139064e-7
205.0   1.622244584859785e-7
206.0   1.4844220778971381e-7
207.0   1.3874495106847178e-7
208.0   1.315290855121012e-7
209.0   1.249359937124767e-7
210.0   1.1790864000472393e-7
211.0   1.0926712173995289e-7
212.0   9.965167434289565e-8
213.0   8.952176762394435e-8
214.0   7.9671568522963e-8
215.0   7.091710723904774e-8
216.0   6.369134191230497e-8
217.0   5.781015080725015e-8
218.0   5.333437811879515e-8
219.0   5.010751544836358e-8
220.0   4.767014403450507e-8
221.0   4.566738039707023e-8
222.0   4.379566547239582e-8
223.0   4.177077703983582e-8
224.0   3.961259151147956e-8
225.0   3.7248156206082806e-8
226.0   3.474830973087771e-8
227.0   3.234381609039824e-8
228.0   3.015564753137271e-8
229.0   2.834976305772484e-8
230.0   2.690218791098266e-8
231.0   2.5785486131061615e-8
232.0   2.4948261924094374e-8
233.0   2.429618234582897e-8
234.0   2.369345913430082e-8
235.0   2.3017227529720323e-8
236.0   2.2187458165361616e-8
237.0   2.115911295415817e-8
238.0   1.9913358875514717e-8
239.0   1.850743146118582e-8
240.0   1.699140063622585e-8
241.0   1.538497783498619e-8
242.0   1.3772570155094883e-8
243.0   1.2282065772606365e-8
244.0   1.1005572135504958e-8
245.0   9.915445853472147e-9
246.0   9.07992231800842e-9
247.0   8.474376445997548e-9
248.0   8.040010776047296e-9
249.0   7.748961846803874e-9
250.0   7.544655706580032e-9
251.0   7.374473327945677e-9
252.0   7.229033401641849e-9
253.0   7.04553743523622e-9
254.0   6.842758574762605e-9
255.0   6.577274963706386e-9
256.0   6.289379520187046e-9
257.0   5.965758527815125e-9
258.0   5.6380882468979625e-9
259.0   5.308349820806525e-9
260.0   5.004498294025182e-9
261.0   4.729132422714077e-9
262.0   4.488251435949593e-9
263.0   4.297625513201938e-9
264.0   4.141379496872744e-9
265.0   4.000581073290207e-9
266.0   3.8900141729278625e-9
267.0   3.790676249033581e-9
268.0   3.6896125323480584e-9
269.0   3.582758853645289e-9
270.0   3.4793574847792736e-9
271.0   3.3522375337289194e-9
272.0   3.2297801759726606e-9
273.0   3.100536317649597e-9
274.0   2.9580097190388283e-9
275.0   2.829144704288544e-9
276.0   2.694940258971124e-9
277.0   2.56244185551807e-9
278.0   2.445668283563339e-9
279.0   2.3398738029200436e-9
280.0   2.2472590722745975e-9
281.0   2.1816674198826124e-9
282.0   2.1242058356665043e-9
283.0   2.0946255301371767e-9
284.0   2.0796750022788032e-9
285.0   2.0849592141396533e-9
286.0   2.0880144882679633e-9
287.0   2.1126421618506818e-9
288.0   2.146945711032828e-9
289.0   2.1762394068913738e-9
290.0   2.206165241067405e-9
291.0   2.2242777149658837e-9
292.0   2.2310517054226315e-9
293.0   2.2231373700716093e-9
294.0   2.20370501780418e-9
295.0   2.162477320336558e-9
296.0   2.11263819191318e-9
297.0   2.0566032761437525e-9
298.0   1.9868325086088047e-9
299.0   1.9174619363997986e-9
300.0   1.8505892046632699e-9
301.0   1.7935080874920412e-9
302.0   1.7357353504214924e-9
303.0   1.6846173036120056e-9
304.0   1.652387881499974e-9
305.0   1.6212478674755568e-9
306.0   1.5974108284506257e-9
307.0   1.575683915478969e-9
308.0   1.5679536326694508e-9
309.0   1.5666181703893018e-9
310.0   1.5685836688487505e-9
311.0   1.5652950313016772e-9
312.0   1.569966733885862e-9
313.0   1.5753619876165663e-9
314.0   1.5792424442430235e-9
315.0   1.5711671346154853e-9
316.0   1.5703540787728067e-9
317.0   1.5673705758175238e-9
318.0   1.5503804752179465e-9
319.0   1.5404422754769937e-9
320.0   1.5282643144485401e-9
321.0   1.504347266862513e-9
322.0   1.4879388394088687e-9
323.0   1.4710810811913259e-9
324.0   1.4526822720991625e-9
325.0   1.4342693891355694e-9
326.0   1.4151210765574042e-9
327.0   1.3972532098260978e-9
328.0   1.3794315734220303e-9
329.0   1.3622530322016243e-9
330.0   1.3456791119192493e-9
331.0   1.3293466476356117e-9
332.0   1.3138918945974788e-9
333.0   1.2983095223969022e-9
334.0   1.2825959001778962e-9
335.0   1.2771955588851902e-9
336.0   1.260897446026083e-9
337.0   1.244191965627981e-9
338.0   1.2268037427313537e-9
339.0   1.208178236820282e-9
340.0   1.1994354442121072e-9
341.0   1.1787886902094305e-9
342.0   1.1581797208519348e-9
343.0   1.1456082116240711e-9
344.0   1.1224527368186232e-9
345.0   1.0986589734963117e-9
346.0   1.083677403590438e-9
347.0   1.0582571736712695e-9
348.0   1.0422496675751033e-9
349.0   1.0160767795376342e-9
350.0   9.997246562334008e-10
351.0   9.747937803799968e-10
352.0   9.498991355732177e-10
353.0   9.350766192882794e-10
354.0   9.117675247507905e-10
355.0   8.983728226547215e-10
356.0   8.771509668854512e-10
357.0   8.663287235303375e-10
358.0   8.473825879470547e-10
359.0   8.390994446764644e-10
360.0   8.233530783517547e-10
361.0   8.181297196638388e-10
362.0   8.143425936049593e-10
363.0   8.121237346804644e-10
364.0   8.205645517839395e-10
365.0   8.214206654871193e-10
366.0   8.32577990916759e-10
367.0   8.354184768251157e-10
368.0   8.492898771077842e-10
369.0   8.640160397059636e-10
370.0   8.788614743272614e-10
371.0   8.94188054607051e-10
372.0   9.200909977310501e-10
373.0   9.354677153725943e-10
374.0   9.496774143303927e-10
375.0   9.63274705906278e-10
376.0   9.866396654219892e-10
377.0   9.973344623187148e-10
378.0   1.0061387255023683e-9
379.0   1.0132588991580297e-9
380.0   1.0299888044177306e-9
381.0   1.0321381129672197e-9
382.0   1.0324373217162383e-9
383.0   1.030530340619141e-9
384.0   1.026060743023158e-9
385.0   1.0192287364663628e-9
386.0   1.0102361006696232e-9
387.0   9.994586697469134e-10
388.0   9.865436204801308e-10
389.0   9.718618898996495e-10
390.0   9.55614484903057e-10
391.0   9.37643845719491e-10
392.0   9.188679766544938e-10
393.0   8.992896199729179e-10
394.0   8.787380034857761e-10
395.0   8.577572241798991e-10
396.0   8.365259338640586e-10
397.0   8.148675849239683e-10
398.0   7.933183702676414e-10
399.0   7.722344764914344e-10
400.0   7.429728885892257e-10
401.0   7.223351507826813e-10
402.0   7.024980616222415e-10
403.0   6.838026642562582e-10
404.0   6.657164471088341e-10
405.0   6.491031859640656e-10
406.0   6.33605257079061e-10
407.0   6.120144286843352e-10
408.0   5.992167436731711e-10
409.0   5.880056557454915e-10
410.0   5.781972600040015e-10
411.0   5.696171584287249e-10
412.0   5.559702289590456e-10
413.0   5.507169409945353e-10
414.0   5.4678832320817e-10
415.0   5.445195715372321e-10
416.0   5.369472464716763e-10
417.0   5.373235638028683e-10
418.0   5.386706988693656e-10
419.0   5.3510189753775e-10
420.0   5.386497988012966e-10
421.0   5.434514780346132e-10
422.0   5.421732677731446e-10
423.0   5.484385460166921e-10
424.0   5.55142970495973e-10
425.0   5.551920377656792e-10
426.0   5.625252833373192e-10
427.0   5.69826112080546e-10
428.0   5.700353652696352e-10
429.0   5.773372203610552e-10
430.0   5.844573509367794e-10
431.0   5.91400883176708e-10
432.0   5.900042104444524e-10
433.0   5.960713489835146e-10
434.0   6.012324592118532e-10
435.0   5.980216437677604e-10
436.0   6.019252174426085e-10
437.0   6.0509508944648e-10
438.0   5.993625518559499e-10
439.0   6.009161490925504e-10
440.0   6.016169998376924e-10
441.0   5.936973394427794e-10
442.0   5.930028246673197e-10
443.0   5.914442973415708e-10
444.0   5.810640977604673e-10
445.0   5.77907871521993e-10
446.0   5.73819536133404e-10
447.0   5.69481746943695e-10
448.0   5.570000871308902e-10
449.0   5.514416726638294e-10
450.0   5.453810878312585e-10
451.0   5.388236029472642e-10
452.0   5.247463342376464e-10
453.0   5.175655724315029e-10
454.0   5.101622543753873e-10
455.0   5.024070165566653e-10
456.0   4.878180190790642e-10
457.0   4.801178400791304e-10
458.0   4.722010653952094e-10
459.0   4.6432145393472436e-10
460.0   4.5005090818207284e-10
461.0   4.4235608107909105e-10
462.0   4.3482049730200796e-10
463.0   4.274430353778435e-10
464.0   4.140995187584566e-10
465.0   4.071374991645471e-10
466.0   4.0044877752525623e-10
467.0   3.9391234699379044e-10
468.0   3.820266970062328e-10
469.0   3.761156117397608e-10
470.0   3.705851127403482e-10
471.0   3.655503856389122e-10
472.0   3.552364024741187e-10
473.0   3.5101437301629424e-10
474.0   3.4669507612022205e-10
475.0   3.4285514096415087e-10
476.0   3.3937788483040125e-10
477.0   3.312366566607848e-10
478.0   3.2848525117968793e-10
479.0   3.26083679803716e-10
480.0   3.2380555537636836e-10
481.0   3.2198546259385987e-10
482.0   3.203983629442461e-10
483.0   3.143163060040616e-10
484.0   3.1353359891511355e-10
485.0   3.1275517332581857e-10
486.0   3.124167292284872e-10
487.0   3.1218936551944476e-10
488.0   3.1207341575066057e-10
489.0   3.073716809651181e-10
490.0   3.0768431000818633e-10
491.0   3.0820986513182083e-10
492.0   3.08839080457879e-10
493.0   3.09573360663556e-10
494.0   3.055598677269093e-10
495.0   3.0658926137661547e-10
496.0   3.075109841339697e-10
497.0   3.085330953951318e-10
498.0   3.0975900082460107e-10
499.0   3.108771255878384e-10
500.0   3.070394697566247e-10
501.0   3.082336641815185e-10
502.0   3.094240542020181e-10
503.0   3.1071100687322276e-10
504.0   3.118937095368423e-10
505.0   3.129717653639234e-10
506.0   3.089823234992254e-10
507.0   3.1023248064090746e-10
508.0   3.112832673291318e-10
509.0   3.1223341757893416e-10
510.0   3.131808897375748e-10
511.0   3.142218361804927e-10
512.0   3.149688633136601e-10
513.0   3.1063360966031693e-10
514.0   3.1136461216177326e-10
515.0   3.1209385390287676e-10
516.0   3.1282032189141014e-10
517.0   3.134256774689985e-10
518.0   3.1389683913988825e-10
519.0   3.1427381268872774e-10
520.0   3.093125388195194e-10
521.0   3.095898463844343e-10
522.0   3.099587466117289e-10
523.0   3.1014348622018993e-10
524.0   3.1023675532722513e-10
525.0   3.102401537578591e-10
526.0   3.1024335747955724e-10
527.0   3.04900536829957e-10
528.0   3.048172633921081e-10
529.0   3.0482425132124055e-10
530.0   3.0474316379717874e-10
531.0   3.045745378949524e-10
532.0   3.0423036287411513e-10
533.0   3.039777982543081e-10
534.0   2.9857611291031603e-10
535.0   2.981574236816071e-10
536.0   2.977412476894702e-10
537.0   2.9732855843978164e-10
538.0   2.969173700776865e-10
539.0   2.965096410363947e-10
540.0   2.960177376914604e-10
541.0   2.9034390581615375e-10
542.0   2.8986608833206496e-10
543.0   2.893073140348855e-10
544.0   2.887515532923742e-10
545.0   2.8836547460298966e-10
546.0   2.8764900561247704e-10
547.0   2.87101233159882e-10
548.0   2.8647449428534993e-10
549.0   2.8066435161003787e-10
550.0   2.801363944979613e-10
551.0   2.794484961045584e-10
552.0   2.7876403605209827e-10
553.0   2.7808299397118604e-10
554.0   2.773239522107834e-10
555.0   2.7664983680051717e-10
556.0   2.758979830900399e-10
557.0   2.701470433000756e-10
558.0   2.6941597966930965e-10
559.0   2.686101545954229e-10
560.0   2.67885378904689e-10
561.0   2.6700808426092807e-10
562.0   2.6613482340074216e-10
563.0   2.654210151272753e-10
564.0   2.6452035324673947e-10
565.0   2.635792673098918e-10
566.0   2.577030783059356e-10
567.0   2.567891710785764e-10
568.0   2.558032342742867e-10
569.0   2.5482360329290217e-10
570.0   2.53847701130483e-10
571.0   2.5280214987794155e-10
572.0   2.518363034043517e-10
573.0   2.508757744554447e-10
574.0   2.4969512377782175e-10
575.0   2.4859506174399216e-10
576.0   2.4764854996401337e-10
577.0   2.4641069651637036e-10
578.0   2.40842696560004e-10
579.0   2.3971084534087e-10
580.0   2.3858404736213924e-10
581.0   2.373901144973492e-10
582.0   2.363454790571968e-10
583.0   2.3523442530637797e-10
584.0   2.3405655619607496e-10
585.0   2.328122596130386e-10
586.0   2.3171627299238559e-10
587.0   2.3055379109643012e-10
588.0   2.2932519607286284e-10
589.0   2.281737002622319e-10
590.0   2.2266054337356867e-10
591.0   2.215409455731476e-10
592.0   2.202876291669871e-10
593.0   2.1924632875887624e-10
594.0   2.1800323137070043e-10
595.0   2.168342667068412e-10
596.0   2.1573901114062662e-10
597.0   2.1451118041812563e-10
598.0   2.1335699340308128e-10
599.0   2.1227603313148648e-10
600.0   2.1106246732736598e-10
601.0   2.0999088302251543e-10
602.0   2.0878783881914715e-10
603.0   2.0358592234583582e-10
604.0   2.024824952709912e-10
605.0   2.0151555348309843e-10
606.0   2.0048718549002616e-10
607.0   1.9939638689897206e-10
608.0   1.984426029789107e-10
609.0   1.974263394122641e-10
610.0   1.964142799296199e-10
611.0   1.954070479192046e-10
612.0   1.9453422248823585e-10
613.0   1.9353373027645154e-10
614.0   1.9266842844551145e-10
615.0   1.9180673502710556e-10
616.0   1.871290310950237e-10
617.0   1.8622799865661898e-10
618.0   1.855204481434749e-10
619.0   1.846258310634063e-10
620.0   1.8392031952192817e-10
621.0   1.8316286804347415e-10
622.0   1.8247241961790893e-10
623.0   1.8172223842753916e-10
624.0   1.8110148319895184e-10
625.0   1.8035835063457644e-10
626.0   1.797434881834994e-10
627.0   1.7913201680110817e-10
628.0   1.7858554359939983e-10
629.0   1.7810367841314216e-10
630.0   1.775006982501382e-10
631.0   1.7702414734333385e-10
632.0   1.7654981274499013e-10
633.0   1.76078269979189e-10
634.0   1.757933792658127e-10
635.0   1.7538720754485203e-10
636.0   1.7498296241649347e-10
637.0   1.7470347255782467e-10
638.0   1.7448642120659325e-10
639.0   1.7420966530813141e-10
640.0   1.7399509995975043e-10
641.0   1.7378229190984277e-10
642.0   1.7363119537394604e-10
643.0   1.7348103372641422e-10
644.0   1.7339211436156473e-10
645.0   1.7324369935635756e-10
646.0   1.696813470561276e-10
647.0   1.6971435383697637e-10
648.0   1.6962976481160202e-10
649.0   1.696049500991518e-10
650.0   1.6975584478442566e-10
651.0   1.697899365437559e-10
652.0   1.698242771074565e-10
653.0   1.6988739710118214e-10
654.0   1.699982434661646e-10
655.0   1.7005100617341226e-10
656.0   1.7021978196223372e-10
657.0   1.73879037593039e-10
658.0   1.7405108174611283e-10
659.0   1.74222661708204e-10
660.0   1.7433534159502121e-10
661.0   1.7462278154762604e-10
662.0   1.748516851557686e-10
663.0   1.7502183080873026e-10
664.0   1.7524952168345888e-10
665.0   1.7547714841496235e-10
666.0   1.7570413275055327e-10
667.0   1.7604573396714538e-10
668.0   1.762712297388065e-10
669.0   1.7655409872823487e-10
670.0   1.7683554154627053e-10
671.0   1.7711675384638142e-10
672.0   1.773977484572999e-10
673.0   1.7773429286874022e-10
674.0   1.780135821917769e-10
675.0   1.782920896470351e-10
676.0   1.7862644163264186e-10
677.0   1.8255439225422872e-10
678.0   1.8283613677335559e-10
679.0   1.831751773245209e-10
680.0   1.8351263406327865e-10
681.0   1.8373530911591634e-10
682.0   1.8407169744483249e-10
683.0   1.8440715026384085e-10
684.0   1.8468478217240182e-10
685.0   1.8496171419115931e-10
686.0   1.8518127301032676e-10
687.0   1.8551413886344766e-10
688.0   1.857325554802961e-10
689.0   1.8605260495479343e-10
690.0   1.862115962569152e-10
691.0   1.8642612875757231e-10
692.0   1.8658448030494235e-10
693.0   1.9042012242019114e-10
694.0   1.9058062881347064e-10
695.0   1.906844707264357e-10
696.0   1.908452813397712e-10
697.0   1.9094839928397737e-10
698.0   1.911082598226721e-10
699.0   1.9121197006365027e-10
700.0   1.9125924859821658e-10
701.0   1.9511473269947424e-10
702.0   1.9504871796342723e-10
703.0   1.950976017739193e-10
704.0   1.9514646103814322e-10
705.0   1.951952999721517e-10
706.0   1.9518823888371097e-10
707.0   1.9518139924209525e-10
708.0   1.9887075064267533e-10
709.0   1.988650284547429e-10
710.0   1.988023793881751e-10
711.0   1.9874019851673226e-10
712.0   1.9862155881880095e-10
713.0   1.984474783122516e-10
714.0   1.983310244594259e-10
715.0   1.981020997837009e-10
716.0   2.017228770768768e-10
717.0   2.0154984877439923e-10
718.0   2.0137775674710522e-10
719.0   2.0114940529165299e-10
720.0   2.0097929239177416e-10
721.0   2.00696173749375e-10
722.0   2.0047196565750816e-10
723.0   2.0019215962659787e-10
724.0   2.036158237090747e-10
725.0   2.0327604079099349e-10
726.0   2.0299531780679317e-10
727.0   2.0265862258856516e-10
728.0   2.0226696937875423e-10
729.0   2.0193424233330036e-10
730.0   2.0151549976002948e-10
731.0   2.046560376318794e-10
732.0   2.0407724194293346e-10
733.0   2.07018470389871e-10
734.0   2.064940745836857e-10
735.0   2.0597269632571097e-10
736.0   2.0888050111459864e-10
737.0   2.0829605661797285e-10
738.0   2.1123559901938628e-10
739.0   2.1058821223983347e-10
740.0   2.135013905974507e-10
741.0   2.127884968712543e-10
742.0   2.1213916503752407e-10
743.0   2.1489603033789762e-10
744.0   2.1418182508857224e-10
745.0   2.1697038365614016e-10
746.0   2.1618932656499622e-10
747.0   2.1547413301172664e-10
748.0   2.1803961746075018e-10
749.0   2.173206501237964e-10
750.0   2.199800198464637e-10
751.0   2.1913051338138806e-10
752.0   2.217601045625876e-10
753.0   2.208421701542381e-10
754.0   2.2005533866336747e-10
755.0   2.2251770024830862e-10
756.0   2.216629250501817e-10
757.0   2.2415843497685196e-10
758.0   2.2323378050677975e-10
759.0   2.2563221467327945e-10
760.0   2.2476924609252905e-10
761.0   2.270034735847762e-10
762.0   2.2613617798498144e-10
763.0   2.2514093965438443e-10
764.0   2.2753299887776204e-10
765.0   2.2653292721113e-10
766.0   2.2875933911159052e-10
767.0   2.2788853432434824e-10
768.0   2.3008393428643295e-10
769.0   2.2914203827699407e-10
770.0   2.312366429123793e-10
771.0   2.302905325669378e-10
772.0   2.3242198971815845e-10
773.0   2.314033678164238e-10
774.0   2.304582231989375e-10
775.0   2.3247068057852046e-10
776.0   2.3457616698516736e-10
777.0   2.363740048561243e-10
778.0   2.4134349760939007e-10
779.0   2.4321760034809184e-10
780.0   2.4514218236475023e-10
781.0   2.499797501539715e-10
782.0   2.516134951667902e-10
783.0   2.5353032906746493e-10
784.0   2.5815860242832257e-10
785.0   2.5977998613789916e-10
786.0   2.616163134350589e-10
787.0   2.6603168079419927e-10
788.0   2.678126123609253e-10
789.0   2.723027690619602e-10
790.0   2.737753195928506e-10
791.0   2.782624091306339e-10
792.0   2.7984747688896623e-10
793.0   2.840761543121173e-10
794.0   2.857832930115216e-10
795.0   2.8998574089352215e-10
796.0   2.944400132063228e-10
797.0   2.9615214392243223e-10
798.0   3.00630720734758e-10
799.0   3.0497455259365095e-10
800.0   3.094731967947609e-10
801.0   3.1383848422135834e-10
802.0   3.181667069355336e-10
803.0   3.2255928255718685e-10
804.0   3.2681429469291363e-10
805.0   3.3103273085117795e-10
806.0   3.379181092453068e-10
807.0   3.4216209785349106e-10
808.0   3.46260956959874e-10
809.0   3.5054997539611745e-10
810.0   3.5446626279666607e-10
811.0   3.6134724888602005e-10
812.0   3.654158848280767e-10
813.0   3.6957027942188213e-10
814.0   3.7620555542792657e-10
815.0   3.8016909442130464e-10
816.0   3.869258115945026e-10
817.0   3.909795381786155e-10
818.0   3.9526175036891235e-10
819.0   3.995215990347256e-10
820.0   4.0375915932627177e-10
821.0   4.1042254195648425e-10
822.0   4.147437617608418e-10
823.0   4.189103136181072e-10
824.0   4.231921433649387e-10
825.0   4.2987517231430035e-10
826.0   4.338274778117234e-10
827.0   4.40736542035329e-10
828.0   4.4507814600752877e-10
829.0   4.4896019370418363e-10
830.0   4.5564816869845363e-10
831.0   4.5993315321677456e-10
832.0   4.664172007801997e-10
833.0   4.703545169213055e-10
834.0   4.770945288026762e-10
835.0   4.838126436501026e-10
836.0   4.880030041551699e-10
837.0   4.945142204755971e-10
838.0   5.012813534385912e-10
839.0   5.057035868375777e-10
840.0   5.127761886117758e-10
841.0   5.200127171675577e-10
842.0   5.245832298770391e-10
843.0   5.314555138548068e-10
844.0   5.3849363741912e-10
845.0   5.457050975572147e-10
846.0   5.504313728277183e-10
847.0   5.57448009218693e-10
848.0   5.644559994816034e-10
849.0   5.71646686607011e-10
850.0   5.786401320447351e-10
851.0   5.860175877409876e-10
852.0   5.928006688688999e-10
853.0   6.001719303978836e-10
854.0   6.071398407429154e-10
855.0   6.143036891968085e-10
856.0   6.218816123599172e-10
857.0   6.288334489320533e-10
858.0   6.386703990202193e-10
859.0   6.458267608935129e-10
860.0   6.529782216430483e-10
861.0   6.601293730601316e-10
862.0   6.697380283403636e-10
863.0   6.771086324840349e-10
864.0   6.847118771229373e-10
865.0   6.94086673598424e-10
866.0   7.014629673138399e-10
867.0   7.113034440008794e-10
868.0   7.186856747550451e-10
869.0   7.28529766448158e-10
870.0   7.383795832885057e-10
871.0   7.455182215976393e-10
872.0   7.556228940340726e-10
873.0   7.659950308035082e-10
874.0   7.731399966567184e-10
875.0   7.830082156776198e-10
876.0   7.923474767512975e-10
877.0   8.027564508154838e-10
878.0   8.126339140819303e-10
879.0   8.225183976973459e-10
880.0   8.324043972245893e-10
881.0   8.425778594259773e-10
882.0   8.527654558460585e-10
883.0   8.62961486015566e-10
884.0   8.725829520083448e-10
885.0   8.827953586036881e-10
886.0   8.906996564486327e-10
887.0   8.971519870028907e-10
888.0   9.011440505727035e-10
889.0   9.051462379007277e-10
890.0   9.088537843965746e-10
891.0   9.125689936047261e-10
892.0   9.162887460726453e-10
893.0   9.206332026516097e-10
894.0   9.249871831327424e-10
895.0   9.287317801572564e-10
896.0   9.327963330575455e-10
897.0   9.365575379314776e-10
898.0   9.409528481873433e-10
899.0   9.447255442734548e-10
900.0   9.488232403385902e-10
901.0   9.55458815220698e-10
902.0   9.598986204490236e-10
903.0   9.637072192588069e-10
904.0   9.678467705030855e-10
905.0   9.71990010411879e-10
906.0   9.76146766802621e-10
907.0   9.803104790231789e-10
908.0   9.844811280927696e-10
909.0   9.886620227473812e-10
910.0   9.931841291857344e-10
911.0   9.973834984029157e-10
912.0   1.0012865044496052e-9
913.0   1.0007557729925543e-9
914.0   1.0024649772306036e-9
915.0   1.0041694267453295e-9
916.0   1.0055379609015475e-9
917.0   1.0046398011015044e-9
918.0   1.0070009152608818e-9
919.0   1.0086856615962287e-9
920.0   1.0074269638992746e-9
921.0   1.0087656209540006e-9
922.0   1.0111083341483598e-9
923.0   1.0101523743981876e-9
924.0   1.0114788979659116e-9
925.0   1.0131356044832762e-9
926.0   1.0154601484797014e-9
927.0   1.0144694831010845e-9
928.0   1.0157751341627052e-9
929.0   1.0170783841693559e-9
930.0   1.0167294693380127e-9
931.0   1.0183558283002646e-9
932.0   1.0199772492935348e-9
933.0   1.018593009543276e-9
934.0   1.0205403948743027e-9
935.0   1.0221460889075674e-9
936.0   1.0214072974689628e-9
937.0   1.0226651061582222e-9
938.0   1.024592945353627e-9
939.0   1.0234848788453354e-9
940.0   1.019451653555299e-9
941.0   1.0153121799344932e-9
942.0   1.008779231039627e-9
943.0   1.0042603732239007e-9
944.0   9.976700415231893e-10
945.0   9.90395011129516e-10
946.0   9.867857482049601e-10
947.0   9.79459749491098e-10
948.0   9.751576525822761e-10
949.0   9.681042286485569e-10
950.0   9.637569334580176e-10
951.0   9.597006489516225e-10
952.0   9.522604985741564e-10
953.0   9.481590328364788e-10
954.0   9.409812327364668e-10
955.0   9.368335085049782e-10
956.0   9.32051693891757e-10
957.0   9.24801391003373e-10
958.0   9.205849696418953e-10
959.0   9.160488387400868e-10
960.0   9.11490082027277e-10
961.0   9.041497768359596e-10
962.0   8.995521810387985e-10
963.0   8.952306972102624e-10
964.0   8.905959908077078e-10
965.0   8.859422624016296e-10
966.0   8.784896151623637e-10
967.0   8.735132200361908e-10
968.0   8.690883739517552e-10
969.0   8.643906705150454e-10
970.0   8.617589956788095e-10
971.0   8.560530986883509e-10
972.0   8.506266499163259e-10
973.0   8.482589350816313e-10
974.0   8.430945475690187e-10
975.0   8.401689142257571e-10
976.0   8.344486717467736e-10
977.0   8.323301241278193e-10
978.0   8.268748918812249e-10
979.0   8.21413196234147e-10
980.0   8.184762750565779e-10
981.0   8.135347225125512e-10
982.0   8.108565456002543e-10
983.0   8.051153502150387e-10
984.0   8.021693416613116e-10
985.0   7.972055480919692e-10
986.0   7.947702708702741e-10
987.0   7.918149914281054e-10
988.0   7.860641047080085e-10
989.0   7.836175960437812e-10
990.0   7.783641539631975e-10
991.0   7.75656545226027e-10
992.0   7.698944271034304e-10
993.0   7.671822974775658e-10
994.0   7.647121722176368e-10
995.0   7.59190142957845e-10
996.0   7.562225996781762e-10
997.0   7.537409569922356e-10
998.0   7.482104123647012e-10
999.0   7.454794699323133e-10
1000.0   7.42731879320568e-10
1001.0   7.396536360306966e-10
1002.0   7.365758644434691e-10
1003.0   7.33500930603708e-10
1004.0   7.30424153137878e-10
1005.0   7.273502334376656e-10
1006.0   7.24279160891629e-10
1007.0   7.212063159496446e-10
1008.0   7.209306429668412e-10
1009.0   7.178601631866505e-10
1010.0   7.147902701722134e-10
1011.0   7.117232564893837e-10
1012.0   7.086568495006213e-10
1013.0   7.055910694044873e-10
1014.0   7.025281780214095e-10
1015.0   7.022526502914127e-10
1016.0   6.991899731897359e-10
1017.0   6.961279770804955e-10
1018.0   6.930688917992395e-10
1019.0   6.90010507341474e-10
1020.0   6.86955033174219e-10
1021.0   6.866803620946966e-10
1022.0   6.836252312054808e-10
1023.0   6.805708550163903e-10
1024.0   6.775194111981784e-10
1025.0   6.74468741840118e-10
1026.0   6.741933250635199e-10
1027.0   6.711452612917754e-10
1028.0   6.680980056645076e-10
1029.0   6.650536940890253e-10
1030.0   6.62010210376135e-10
1031.0   6.617363457720418e-10
1032.0   6.586934256476756e-10
1033.0   6.556534715856662e-10
1034.0   6.525874311967596e-10
1035.0   6.522802600768643e-10
1036.0   6.492091249540474e-10
1037.0   6.461412990792995e-10
1038.0   6.458347061162395e-10
1039.0   6.427701361523825e-10
1040.0   6.397068344700856e-10
1041.0   6.3940288874745e-10
1042.0   6.363428670087703e-10
1043.0   6.332841456032366e-10
1044.0   6.329808344717408e-10
1045.0   6.299274258682905e-10
1046.0   6.268753295674404e-10
1047.0   6.265726906605087e-10
1048.0   6.235239211173867e-10
1049.0   6.232239433515933e-10
1050.0   6.201765356273125e-10
1051.0   6.171344175376784e-10
1052.0   6.168351452613036e-10
1053.0   6.137944230531539e-10
1054.0   6.107570249618098e-10
1055.0   6.104584970859919e-10
1056.0   6.074244741256104e-10
1057.0   6.043937662412774e-10
1058.0   6.040979333756101e-10
1059.0   6.010687006623641e-10
1060.0   6.007735828621544e-10
1061.0   5.977477608739909e-10
1062.0   5.947252663926963e-10
1063.0   5.944328451088048e-10
1064.0   5.914137646131516e-10
1065.0   5.911201977134908e-10
1066.0   5.88104552554376e-10
1067.0   5.850922277691162e-10
1068.0   5.848013788665828e-10
1069.0   5.817924928477644e-10
1070.0   5.815023898804705e-10
1071.0   5.784969542145615e-10
1072.0   5.754930134025411e-10
1073.0   5.752056293759654e-10
1074.0   5.722051632015125e-10
1075.0   5.719185358678916e-10
1076.0   5.689215559390331e-10
1077.0   5.686356912545121e-10
1078.0   5.656422091916134e-10
1079.0   5.626520551695198e-10
1080.0   5.623689156960086e-10
1081.0   5.593822633163383e-10
1082.0   5.590998963176531e-10
1083.0   5.561167572738486e-10
1084.0   5.558351687786064e-10
1085.0   5.528555547739758e-10
1086.0   5.498792642343151e-10
1087.0   5.495986735707588e-10
1088.0   5.466276452254098e-10
1089.0   5.463478538600003e-10
1090.0   5.433786427787487e-10
1091.0   5.431013696142279e-10
1092.0   5.401357111109407e-10
1093.0   5.398592387163946e-10
1094.0   5.368988360658287e-10
1095.0   5.366231694635966e-10
1096.0   5.33664641933125e-10
1097.0   5.307111089837029e-10
1098.0   5.304365190300958e-10
1099.0   5.274865559560011e-10
1100.0   5.272144535347145e-10