"FUV Filter response" 
 "src/spectral_response_files/UVIM_FUV_filter_response.dat" 
 GRID1D { scale: 1.0, step_size: 1.0, minimum_value: 100.0, maximum_value: 1100.0, snap_precision: 0.01, label: "" } 
 "FUV Filter curve" 
 
 

100.0   2.4e-5
101.0   3.3e-5
102.0   7.8e-5
103.0   0.000162
104.0   0.00029
105.0   0.000504
106.0   0.00085
107.0   0.001273
108.0   0.00155
109.0   0.001858
110.0   0.002191
111.0   0.001847
112.0   0.001612
113.0   0.001467
114.0   0.001379
115.0   0.001352
116.0   0.001396
117.0   0.001477
118.0   0.001585
119.0   0.001733
120.0   0.00193
121.0   0.002183
122.0   0.002546
123.0   0.003093
124.0   0.00387
125.0   0.005005
126.0   0.006674
127.0   0.009197
128.0   0.013138
129.0   0.019476
130.0   0.029978
131.0   0.047882
132.0   0.078777
133.0   0.130789
134.0   0.186287
135.0   0.216169
136.0   0.248009
137.0   0.280624
138.0   0.312591
139.0   0.342542
140.0   0.369166
141.0   0.39211
142.0   0.410783
143.0   0.425367
144.0   0.436682
145.0   0.445031
146.0   0.45003
147.0   0.45323
148.0   0.455042
149.0   0.455766
150.0   0.455586
151.0   0.454581
152.0   0.4525
153.0   0.449027
154.0   0.443955
155.0   0.430326
156.0   0.405179
157.0   0.37386
158.0   0.338534
159.0   0.301912
160.0   0.266506
161.0   0.236038
162.0   0.216924
163.0   0.199464
164.0   0.183659
165.0   0.169413
166.0   0.156609
167.0   0.145162
168.0   0.134901
169.0   0.125679
170.0   0.117373
171.0   0.109971
172.0   0.103314
173.0   0.097219
174.0   0.091612
175.0   0.086416
176.0   0.081649
177.0   0.077177
178.0   0.073052
179.0   0.069144
180.0   0.06541
181.0   0.061881
182.0   0.058472
183.0   0.055169
184.0   0.051975
185.0   0.048896
186.0   0.045911
187.0   0.043019
188.0   0.040226
189.0   0.037534
190.0   0.03495
191.0   0.032475
192.0   0.030113
193.0   0.027871
194.0   0.025754
195.0   0.023761
196.0   0.021871
197.0   0.020107
198.0   0.018466
199.0   0.016951
200.0   0.015552
201.0   0.014383
202.0   0.013299
203.0   0.012297
204.0   0.011372
205.0   0.010518
206.0   0.009735
207.0   0.009015
208.0   0.008356
209.0   0.007737
210.0   0.007177
211.0   0.006651
212.0   0.006172
213.0   0.005726
214.0   0.005318
215.0   0.004945
216.0   0.00461
217.0   0.004293
218.0   0.003999
219.0   0.003734
220.0   0.003492
221.0   0.003269
222.0   0.003069
223.0   0.002882
224.0   0.002716
225.0   0.002562
226.0   0.00242
227.0   0.002294
228.0   0.002184
229.0   0.002092
230.0   0.002008
231.0   0.001931
232.0   0.001857
233.0   0.001785
234.0   0.001713
235.0   0.00164
236.0   0.001566
237.0   0.001492
238.0   0.001418
239.0   0.001346
240.0   0.001276
241.0   0.001209
242.0   0.001143
243.0   0.00108
244.0   0.001023
245.0   0.000966
246.0   0.000914
247.0   0.000866
248.0   0.000819
249.0   0.000775
250.0   0.000734
251.0   0.000694
252.0   0.000658
253.0   0.000623
254.0   0.000592
255.0   0.000561
256.0   0.000533
257.0   0.000506
258.0   0.000481
259.0   0.000457
260.0   0.000435
261.0   0.000414
262.0   0.000394
263.0   0.000376
264.0   0.000359
265.0   0.000342
266.0   0.000327
267.0   0.000313
268.0   0.0003
269.0   0.000288
270.0   0.000278
271.0   0.000268
272.0   0.00026
273.0   0.000253
274.0   0.000246
275.0   0.000241
276.0   0.000236
277.0   0.000231
278.0   0.000227
279.0   0.000223
280.0   0.000219
281.0   0.000216
282.0   0.000212
283.0   0.000209
284.0   0.000206
285.0   0.000204
286.0   0.000201
287.0   0.0002
288.0   0.0002
289.0   0.0002
290.0   0.000201
291.0   0.000202
292.0   0.000203
293.0   0.000204
294.0   0.000205
295.0   0.000205
296.0   0.000205
297.0   0.000205
298.0   0.000204
299.0   0.000203
300.0   0.000202
301.0   0.000201
302.0   0.000199
303.0   0.000197
304.0   0.000196
305.0   0.000194
306.0   0.000192
307.0   0.000189
308.0   0.000187
309.0   0.000185
310.0   0.000183
311.0   0.00018
312.0   0.000178
313.0   0.000176
314.0   0.000174
315.0   0.000171
316.0   0.000169
317.0   0.000167
318.0   0.000164
319.0   0.000162
320.0   0.00016
321.0   0.000157
322.0   0.000155
323.0   0.000153
324.0   0.000151
325.0   0.000149
326.0   0.000147
327.0   0.000145
328.0   0.000143
329.0   0.000141
330.0   0.000139
331.0   0.000137
332.0   0.000135
333.0   0.000133
334.0   0.000131
335.0   0.00013
336.0   0.000128
337.0   0.000126
338.0   0.000124
339.0   0.000122
340.0   0.000121
341.0   0.000119
342.0   0.000117
343.0   0.000116
344.0   0.000114
345.0   0.000112
346.0   0.000111
347.0   0.000109
348.0   0.000108
349.0   0.000106
350.0   0.000105
351.0   0.000103
352.0   0.000101
353.0   0.0001
354.0   9.8e-5
355.0   9.7e-5
356.0   9.5e-5
357.0   9.4e-5
358.0   9.2e-5
359.0   9.1e-5
360.0   8.9e-5
361.0   8.8e-5
362.0   8.7e-5
363.0   8.6e-5
364.0   8.6e-5
365.0   8.5e-5
366.0   8.5e-5
367.0   8.4e-5
368.0   8.4e-5
369.0   8.4e-5
370.0   8.4e-5
371.0   8.4e-5
372.0   8.5e-5
373.0   8.5e-5
374.0   8.5e-5
375.0   8.5e-5
376.0   8.6e-5
377.0   8.6e-5
378.0   8.6e-5
379.0   8.6e-5
380.0   8.7e-5
381.0   8.7e-5
382.0   8.7e-5
383.0   8.7e-5
384.0   8.7e-5
385.0   8.7e-5
386.0   8.7e-5
387.0   8.7e-5
388.0   8.7e-5
389.0   8.7e-5
390.0   8.7e-5
391.0   8.7e-5
392.0   8.7e-5
393.0   8.7e-5
394.0   8.7e-5
395.0   8.7e-5
396.0   8.7e-5
397.0   8.7e-5
398.0   8.7e-5
399.0   8.7e-5
400.0   8.6e-5
401.0   8.6e-5
402.0   8.6e-5
403.0   8.6e-5
404.0   8.6e-5
405.0   8.6e-5
406.0   8.6e-5
407.0   8.5e-5
408.0   8.5e-5
409.0   8.5e-5
410.0   8.5e-5
411.0   8.5e-5
412.0   8.4e-5
413.0   8.4e-5
414.0   8.4e-5
415.0   8.4e-5
416.0   8.3e-5
417.0   8.3e-5
418.0   8.3e-5
419.0   8.2e-5
420.0   8.2e-5
421.0   8.2e-5
422.0   8.1e-5
423.0   8.1e-5
424.0   8.1e-5
425.0   8e-5
426.0   8e-5
427.0   8e-5
428.0   7.9e-5
429.0   7.9e-5
430.0   7.9e-5
431.0   7.9e-5
432.0   7.8e-5
433.0   7.8e-5
434.0   7.8e-5
435.0   7.7e-5
436.0   7.7e-5
437.0   7.7e-5
438.0   7.6e-5
439.0   7.6e-5
440.0   7.6e-5
441.0   7.5e-5
442.0   7.5e-5
443.0   7.5e-5
444.0   7.4e-5
445.0   7.4e-5
446.0   7.4e-5
447.0   7.4e-5
448.0   7.3e-5
449.0   7.3e-5
450.0   7.3e-5
451.0   7.3e-5
452.0   7.2e-5
453.0   7.2e-5
454.0   7.2e-5
455.0   7.2e-5
456.0   7.1e-5
457.0   7.1e-5
458.0   7.1e-5
459.0   7.1e-5
460.0   7e-5
461.0   7e-5
462.0   7e-5
463.0   7e-5
464.0   6.9e-5
465.0   6.9e-5
466.0   6.9e-5
467.0   6.9e-5
468.0   6.8e-5
469.0   6.8e-5
470.0   6.8e-5
471.0   6.8e-5
472.0   6.7e-5
473.0   6.7e-5
474.0   6.7e-5
475.0   6.7e-5
476.0   6.7e-5
477.0   6.6e-5
478.0   6.6e-5
479.0   6.6e-5
480.0   6.6e-5
481.0   6.6e-5
482.0   6.6e-5
483.0   6.5e-5
484.0   6.5e-5
485.0   6.5e-5
486.0   6.5e-5
487.0   6.5e-5
488.0   6.5e-5
489.0   6.4e-5
490.0   6.4e-5
491.0   6.4e-5
492.0   6.4e-5
493.0   6.4e-5
494.0   6.3e-5
495.0   6.3e-5
496.0   6.3e-5
497.0   6.3e-5
498.0   6.3e-5
499.0   6.3e-5
500.0   6.2e-5
501.0   6.2e-5
502.0   6.2e-5
503.0   6.2e-5
504.0   6.2e-5
505.0   6.2e-5
506.0   6.1e-5
507.0   6.1e-5
508.0   6.1e-5
509.0   6.1e-5
510.0   6.1e-5
511.0   6.1e-5
512.0   6.1e-5
513.0   6e-5
514.0   6e-5
515.0   6e-5
516.0   6e-5
517.0   6e-5
518.0   6e-5
519.0   6e-5
520.0   5.9e-5
521.0   5.9e-5
522.0   5.9e-5
523.0   5.9e-5
524.0   5.9e-5
525.0   5.9e-5
526.0   5.9e-5
527.0   5.8e-5
528.0   5.8e-5
529.0   5.8e-5
530.0   5.8e-5
531.0   5.8e-5
532.0   5.8e-5
533.0   5.8e-5
534.0   5.7e-5
535.0   5.7e-5
536.0   5.7e-5
537.0   5.7e-5
538.0   5.7e-5
539.0   5.7e-5
540.0   5.7e-5
541.0   5.6e-5
542.0   5.6e-5
543.0   5.6e-5
544.0   5.6e-5
545.0   5.6e-5
546.0   5.6e-5
547.0   5.6e-5
548.0   5.6e-5
549.0   5.5e-5
550.0   5.5e-5
551.0   5.5e-5
552.0   5.5e-5
553.0   5.5e-5
554.0   5.5e-5
555.0   5.5e-5
556.0   5.5e-5
557.0   5.4e-5
558.0   5.4e-5
559.0   5.4e-5
560.0   5.4e-5
561.0   5.4e-5
562.0   5.4e-5
563.0   5.4e-5
564.0   5.4e-5
565.0   5.4e-5
566.0   5.3e-5
567.0   5.3e-5
568.0   5.3e-5
569.0   5.3e-5
570.0   5.3e-5
571.0   5.3e-5
572.0   5.3e-5
573.0   5.3e-5
574.0   5.3e-5
575.0   5.3e-5
576.0   5.3e-5
577.0   5.3e-5
578.0   5.2e-5
579.0   5.2e-5
580.0   5.2e-5
581.0   5.2e-5
582.0   5.2e-5
583.0   5.2e-5
584.0   5.2e-5
585.0   5.2e-5
586.0   5.2e-5
587.0   5.2e-5
588.0   5.2e-5
589.0   5.2e-5
590.0   5.1e-5
591.0   5.1e-5
592.0   5.1e-5
593.0   5.1e-5
594.0   5.1e-5
595.0   5.1e-5
596.0   5.1e-5
597.0   5.1e-5
598.0   5.1e-5
599.0   5.1e-5
600.0   5.1e-5
601.0   5.1e-5
602.0   5.1e-5
603.0   5e-5
604.0   5e-5
605.0   5e-5
606.0   5e-5
607.0   5e-5
608.0   5e-5
609.0   5e-5
610.0   5e-5
611.0   5e-5
612.0   5e-5
613.0   5e-5
614.0   5e-5
615.0   5e-5
616.0   4.9e-5
617.0   4.9e-5
618.0   4.9e-5
619.0   4.9e-5
620.0   4.9e-5
621.0   4.9e-5
622.0   4.9e-5
623.0   4.9e-5
624.0   4.9e-5
625.0   4.9e-5
626.0   4.9e-5
627.0   4.9e-5
628.0   4.9e-5
629.0   4.9e-5
630.0   4.9e-5
631.0   4.9e-5
632.0   4.9e-5
633.0   4.9e-5
634.0   4.9e-5
635.0   4.9e-5
636.0   4.9e-5
637.0   4.9e-5
638.0   4.9e-5
639.0   4.9e-5
640.0   4.9e-5
641.0   4.9e-5
642.0   4.9e-5
643.0   4.9e-5
644.0   4.9e-5
645.0   4.9e-5
646.0   4.8e-5
647.0   4.8e-5
648.0   4.8e-5
649.0   4.8e-5
650.0   4.8e-5
651.0   4.8e-5
652.0   4.8e-5
653.0   4.8e-5
654.0   4.8e-5
655.0   4.8e-5
656.0   4.8e-5
657.0   4.9e-5
658.0   4.9e-5
659.0   4.9e-5
660.0   4.9e-5
661.0   4.9e-5
662.0   4.9e-5
663.0   4.9e-5
664.0   4.9e-5
665.0   4.9e-5
666.0   4.9e-5
667.0   4.9e-5
668.0   4.9e-5
669.0   4.9e-5
670.0   4.9e-5
671.0   4.9e-5
672.0   4.9e-5
673.0   4.9e-5
674.0   4.9e-5
675.0   4.9e-5
676.0   4.9e-5
677.0   5e-5
678.0   5e-5
679.0   5e-5
680.0   5e-5
681.0   5e-5
682.0   5e-5
683.0   5e-5
684.0   5e-5
685.0   5e-5
686.0   5e-5
687.0   5e-5
688.0   5e-5
689.0   5e-5
690.0   5e-5
691.0   5e-5
692.0   5e-5
693.0   5.1e-5
694.0   5.1e-5
695.0   5.1e-5
696.0   5.1e-5
697.0   5.1e-5
698.0   5.1e-5
699.0   5.1e-5
700.0   5.1e-5
701.0   5.2e-5
702.0   5.2e-5
703.0   5.2e-5
704.0   5.2e-5
705.0   5.2e-5
706.0   5.2e-5
707.0   5.2e-5
708.0   5.3e-5
709.0   5.3e-5
710.0   5.3e-5
711.0   5.3e-5
712.0   5.3e-5
713.0   5.3e-5
714.0   5.3e-5
715.0   5.3e-5
716.0   5.4e-5
717.0   5.4e-5
718.0   5.4e-5
719.0   5.4e-5
720.0   5.4e-5
721.0   5.4e-5
722.0   5.4e-5
723.0   5.4e-5
724.0   5.5e-5
725.0   5.5e-5
726.0   5.5e-5
727.0   5.5e-5
728.0   5.5e-5
729.0   5.5e-5
730.0   5.5e-5
731.0   5.6e-5
732.0   5.6e-5
733.0   5.7e-5
734.0   5.7e-5
735.0   5.7e-5
736.0   5.8e-5
737.0   5.8e-5
738.0   5.9e-5
739.0   5.9e-5
740.0   6e-5
741.0   6e-5
742.0   6e-5
743.0   6.1e-5
744.0   6.1e-5
745.0   6.2e-5
746.0   6.2e-5
747.0   6.2e-5
748.0   6.3e-5
749.0   6.3e-5
750.0   6.4e-5
751.0   6.4e-5
752.0   6.5e-5
753.0   6.5e-5
754.0   6.5e-5
755.0   6.6e-5
756.0   6.6e-5
757.0   6.7e-5
758.0   6.7e-5
759.0   6.8e-5
760.0   6.8e-5
761.0   6.9e-5
762.0   6.9e-5
763.0   6.9e-5
764.0   7e-5
765.0   7e-5
766.0   7.1e-5
767.0   7.1e-5
768.0   7.2e-5
769.0   7.2e-5
770.0   7.3e-5
771.0   7.3e-5
772.0   7.4e-5
773.0   7.4e-5
774.0   7.4e-5
775.0   7.5e-5
776.0   7.6e-5
777.0   7.7e-5
778.0   7.9e-5
779.0   8e-5
780.0   8.1e-5
781.0   8.3e-5
782.0   8.4e-5
783.0   8.5e-5
784.0   8.7e-5
785.0   8.8e-5
786.0   8.9e-5
787.0   9.1e-5
788.0   9.2e-5
789.0   9.4e-5
790.0   9.5e-5
791.0   9.7e-5
792.0   9.8e-5
793.0   0.0001
794.0   0.000101
795.0   0.000103
796.0   0.000105
797.0   0.000106
798.0   0.000108
799.0   0.00011
800.0   0.000112
801.0   0.000114
802.0   0.000116
803.0   0.000118
804.0   0.00012
805.0   0.000122
806.0   0.000125
807.0   0.000127
808.0   0.000129
809.0   0.000131
810.0   0.000133
811.0   0.000136
812.0   0.000138
813.0   0.00014
814.0   0.000143
815.0   0.000145
816.0   0.000148
817.0   0.00015
818.0   0.000152
819.0   0.000154
820.0   0.000156
821.0   0.000159
822.0   0.000161
823.0   0.000163
824.0   0.000165
825.0   0.000168
826.0   0.00017
827.0   0.000173
828.0   0.000175
829.0   0.000177
830.0   0.00018
831.0   0.000182
832.0   0.000185
833.0   0.000187
834.0   0.00019
835.0   0.000193
836.0   0.000195
837.0   0.000198
838.0   0.000201
839.0   0.000203
840.0   0.000206
841.0   0.000209
842.0   0.000211
843.0   0.000214
844.0   0.000217
845.0   0.00022
846.0   0.000222
847.0   0.000225
848.0   0.000228
849.0   0.000231
850.0   0.000234
851.0   0.000237
852.0   0.00024
853.0   0.000243
854.0   0.000246
855.0   0.000249
856.0   0.000252
857.0   0.000255
858.0   0.000259
859.0   0.000262
860.0   0.000265
861.0   0.000268
862.0   0.000272
863.0   0.000275
864.0   0.000278
865.0   0.000282
866.0   0.000285
867.0   0.000289
868.0   0.000292
869.0   0.000296
870.0   0.0003
871.0   0.000303
872.0   0.000307
873.0   0.000311
874.0   0.000314
875.0   0.000318
876.0   0.000322
877.0   0.000326
878.0   0.00033
879.0   0.000334
880.0   0.000338
881.0   0.000342
882.0   0.000346
883.0   0.00035
884.0   0.000354
885.0   0.000358
886.0   0.000361
887.0   0.000363
888.0   0.000364
889.0   0.000365
890.0   0.000366
891.0   0.000367
892.0   0.000368
893.0   0.000369
894.0   0.00037
895.0   0.000371
896.0   0.000372
897.0   0.000373
898.0   0.000374
899.0   0.000375
900.0   0.000376
901.0   0.000378
902.0   0.000379
903.0   0.00038
904.0   0.000381
905.0   0.000382
906.0   0.000383
907.0   0.000384
908.0   0.000385
909.0   0.000386
910.0   0.000387
911.0   0.000388
912.0   0.000389
913.0   0.000388
914.0   0.000388
915.0   0.000388
916.0   0.000388
917.0   0.000387
918.0   0.000387
919.0   0.000387
920.0   0.000386
921.0   0.000386
922.0   0.000386
923.0   0.000385
924.0   0.000385
925.0   0.000385
926.0   0.000385
927.0   0.000384
928.0   0.000384
929.0   0.000384
930.0   0.000383
931.0   0.000383
932.0   0.000383
933.0   0.000382
934.0   0.000382
935.0   0.000382
936.0   0.000381
937.0   0.000381
938.0   0.000381
939.0   0.00038
940.0   0.000378
941.0   0.000376
942.0   0.000373
943.0   0.000371
944.0   0.000368
945.0   0.000365
946.0   0.000363
947.0   0.00036
948.0   0.000358
949.0   0.000355
950.0   0.000353
951.0   0.000351
952.0   0.000348
953.0   0.000346
954.0   0.000343
955.0   0.000341
956.0   0.000339
957.0   0.000336
958.0   0.000334
959.0   0.000332
960.0   0.00033
961.0   0.000327
962.0   0.000325
963.0   0.000323
964.0   0.000321
965.0   0.000319
966.0   0.000316
967.0   0.000314
968.0   0.000312
969.0   0.00031
970.0   0.000309
971.0   0.000307
972.0   0.000305
973.0   0.000304
974.0   0.000302
975.0   0.000301
976.0   0.000299
977.0   0.000298
978.0   0.000296
979.0   0.000294
980.0   0.000293
981.0   0.000291
982.0   0.00029
983.0   0.000288
984.0   0.000287
985.0   0.000285
986.0   0.000284
987.0   0.000283
988.0   0.000281
989.0   0.00028
990.0   0.000278
991.0   0.000277
992.0   0.000275
993.0   0.000274
994.0   0.000273
995.0   0.000271
996.0   0.00027
997.0   0.000269
998.0   0.000267
999.0   0.000266
1000.0   0.000265
1001.0   0.000264
1002.0   0.000263
1003.0   0.000262
1004.0   0.000261
1005.0   0.00026
1006.0   0.000259
1007.0   0.000258
1008.0   0.000258
1009.0   0.000257
1010.0   0.000256
1011.0   0.000255
1012.0   0.000254
1013.0   0.000253
1014.0   0.000252
1015.0   0.000252
1016.0   0.000251
1017.0   0.00025
1018.0   0.000249
1019.0   0.000248
1020.0   0.000247
1021.0   0.000247
1022.0   0.000246
1023.0   0.000245
1024.0   0.000244
1025.0   0.000243
1026.0   0.000243
1027.0   0.000242
1028.0   0.000241
1029.0   0.00024
1030.0   0.000239
1031.0   0.000239
1032.0   0.000238
1033.0   0.000237
1034.0   0.000236
1035.0   0.000236
1036.0   0.000235
1037.0   0.000234
1038.0   0.000234
1039.0   0.000233
1040.0   0.000232
1041.0   0.000232
1042.0   0.000231
1043.0   0.00023
1044.0   0.00023
1045.0   0.000229
1046.0   0.000228
1047.0   0.000228
1048.0   0.000227
1049.0   0.000227
1050.0   0.000226
1051.0   0.000225
1052.0   0.000225
1053.0   0.000224
1054.0   0.000223
1055.0   0.000223
1056.0   0.000222
1057.0   0.000221
1058.0   0.000221
1059.0   0.00022
1060.0   0.00022
1061.0   0.000219
1062.0   0.000218
1063.0   0.000218
1064.0   0.000217
1065.0   0.000217
1066.0   0.000216
1067.0   0.000215
1068.0   0.000215
1069.0   0.000214
1070.0   0.000214
1071.0   0.000213
1072.0   0.000212
1073.0   0.000212
1074.0   0.000211
1075.0   0.000211
1076.0   0.00021
1077.0   0.00021
1078.0   0.000209
1079.0   0.000208
1080.0   0.000208
1081.0   0.000207
1082.0   0.000207
1083.0   0.000206
1084.0   0.000206
1085.0   0.000205
1086.0   0.000204
1087.0   0.000204
1088.0   0.000203
1089.0   0.000203
1090.0   0.000202
1091.0   0.000202
1092.0   0.000201
1093.0   0.000201
1094.0   0.0002
1095.0   0.0002
1096.0   0.000199
1097.0   0.000198
1098.0   0.000198
1099.0   0.000197
1100.0   0.000197