"Input Spectrum" 
 F_nu 
 GRID1D { scale: 1.0, step_size: 1.0, minimum_value: 80.0, maximum_value: 1100.0, snap_precision: 0.01, label: "" } 
 "Input spectrum with FUV and 3 mirror curves " 
 
 

80.0   3.747195908608021e-5
81.0   3.7009342307239714e-5
82.0   3.65580088644685e-5
83.0   3.611755092634237e-5
84.0   3.5687580081981147e-5
85.0   3.526772619866372e-5
86.0   3.485763635914438e-5
87.0   3.445697387225766e-5
88.0   3.406541735098201e-5
89.0   3.368265985265637e-5
90.0   3.3308408076515735e-5
91.0   3.294238161413645e-5
92.0   3.2584312248765396e-5
93.0   3.223394329985394e-5
94.0   3.1891029009429966e-5
95.0   3.1555333967225435e-5
96.0   3.12266325717335e-5
97.0   3.090470852460223e-5
98.0   3.058935435598385e-5
99.0   3.0280370978650673e-5
100.0   2.9977567268864167e-5
101.0   2.968075967214274e-5
102.0   2.9389771832219773e-5
103.0   2.9104434241615696e-5
104.0   2.882458391236939e-5
105.0   2.8550064065584915e-5
106.0   2.82807238385511e-5
107.0   2.8016418008284268e-5
108.0   2.7757006730429784e-5
109.0   2.7502355292535933e-5
110.0   2.7252333880785604e-5
111.0   2.9154568829884036e-5
112.0   3.087098959746087e-5
113.0   3.2412984552442944e-5
114.0   3.292959536770598e-5
115.0   3.2903478324543724e-5
116.0   3.273689394122699e-5
117.0   3.354347737104732e-5
118.0   3.4627375710034006e-5
119.0   3.5736496276533463e-5
120.0   3.688521380460477e-5
121.0   3.443901023957509e-5
122.0   3.4433459078426336e-5
123.0   3.6042568994707265e-5
124.0   3.778716630266848e-5
125.0   3.718556188449528e-5
126.0   3.627923992930871e-5
127.0   3.5169734858326244e-5
128.0   2.8829924027697563e-5
129.0   2.630958312025459e-5
130.0   2.7005110854538443e-5
131.0   3.154918696038108e-5
132.0   4.505286862040212e-5
133.0   6.482437147561427e-5
134.0   8.24607388828156e-5
135.0   0.00010210775186817937
136.0   0.0001148984305729288
137.0   0.00011743800076906361
138.0   0.0001169339707685488
139.0   0.00011692020350881479
140.0   0.0001169823607370276
141.0   0.00011624395509784466
142.0   0.00011539491595153983
143.0   0.00011444216668432746
144.0   0.0001155103690885308
145.0   0.00011690249670771524
146.0   0.00011514742358273517
147.0   0.00011221129423483413
148.0   0.00010838608697125739
149.0   0.0001054333946698772
150.0   0.00010570266704714574
151.0   0.00011013083508747446
152.0   0.00011459622938106568
153.0   0.00011892082740625902
154.0   0.00012196667073276617
155.0   0.0001231418597684191
156.0   0.00012177860733389675
157.0   0.00012024480942772276
158.0   0.0001193602393270796
159.0   0.00011889426192269778
160.0   0.00011834529112173186
161.0   0.00011526620876239725
162.0   0.0001117319018402857
163.0   0.00010903106246059868
164.0   0.0001070187910929009
165.0   0.00010551526786259422
166.0   0.0001063808332658878
167.0   0.00010695642623069856
168.0   0.00010653954760914441
169.0   0.00010574424882186578
170.0   0.00010642450065531017
171.0   0.00010838352767115686
172.0   0.00011103814732714966
173.0   0.00011322353290801398
174.0   0.00011414642235299093
175.0   0.00011305276473369346
176.0   0.00010819599393159571
177.0   0.00010179078375657059
178.0   9.425841430001643e-5
179.0   8.668026318323285e-5
180.0   8.004376807609585e-5
181.0   7.419965041494292e-5
182.0   6.862028547915596e-5
183.0   6.301855882600188e-5
184.0   5.616003881513738e-5
185.0   4.919958356153523e-5
186.0   4.232966147799821e-5
187.0   3.5807686223939304e-5
188.0   2.9874064960426184e-5
189.0   2.4830337172801433e-5
190.0   2.090668167173301e-5
191.0   1.8022787894267784e-5
192.0   1.6306562088462878e-5
193.0   1.5542978956381875e-5
194.0   1.5413559960288905e-5
195.0   1.5761080008262867e-5
196.0   1.63867297395884e-5
197.0   1.713516386690738e-5
198.0   1.7820300565464734e-5
199.0   1.829143586199659e-5
200.0   1.8405048602067314e-5
201.0   1.807450364572132e-5
202.0   1.743146836727533e-5
203.0   1.664960201638541e-5
204.0   1.5924382188831396e-5
205.0   1.5423508127588753e-5
206.0   1.5248300748814977e-5
207.0   1.5390454916081174e-5
208.0   1.5740675623755528e-5
209.0   1.6147860115351778e-5
210.0   1.6428680507833904e-5
211.0   1.6428675648767538e-5
212.0   1.6145767067870324e-5
213.0   1.563425910302905e-5
214.0   1.4981490884348064e-5
215.0   1.434117436583372e-5
216.0   1.3815909308526022e-5
217.0   1.3466142745690694e-5
218.0   1.3336928761889259e-5
219.0   1.3419259627306797e-5
220.0   1.3651243996135473e-5
221.0   1.3969831874294961e-5
222.0   1.4270337397326758e-5
223.0   1.4493676974266421e-5
224.0   1.4584901145611031e-5
225.0   1.4538702656550664e-5
226.0   1.4358805673916409e-5
227.0   1.4099309542457818e-5
228.0   1.38075309209582e-5
229.0   1.3551511977879941e-5
230.0   1.33975039397324e-5
231.0   1.3353436629239572e-5
232.0   1.3434712937045975e-5
233.0   1.3611306636318752e-5
234.0   1.3831558163631536e-5
235.0   1.403489483519532e-5
236.0   1.4168236376348415e-5
237.0   1.4181711095280275e-5
238.0   1.4043271421378504e-5
239.0   1.3749949079632853e-5
240.0   1.331614469923656e-5
241.0   1.2725374553338455e-5
242.0   1.2049492699120634e-5
243.0   1.1372283122783671e-5
244.0   1.0758135029819118e-5
245.0   1.0264436701316924e-5
246.0   9.934269494538752e-6
247.0   9.785654094685391e-6
248.0   9.816862974416723e-6
249.0   9.99866044748887e-6
250.0   1.0278822488528655e-5
251.0   1.062604225928772e-5
252.0   1.098637295082348e-5
253.0   1.1309048852706614e-5
254.0   1.1558713808720618e-5
255.0   1.1724197796268068e-5
256.0   1.179996157633592e-5
257.0   1.1790036616235425e-5
258.0   1.1721597186898052e-5
259.0   1.1615645122114935e-5
260.0   1.1504593779368234e-5
261.0   1.1423025175637866e-5
262.0   1.1391501106471049e-5
263.0   1.1429855088303026e-5
264.0   1.1535876035857227e-5
265.0   1.1697605477456745e-5
266.0   1.1896067807118846e-5
267.0   1.2110786738126456e-5
268.0   1.2298708441160195e-5
269.0   1.2440134908490588e-5
270.0   1.2515674405680841e-5
271.0   1.2508349006451192e-5
272.0   1.2422231446048696e-5
273.0   1.2255084259484573e-5
274.0   1.2024429752190359e-5
275.0   1.1739189644350803e-5
276.0   1.1419238385470865e-5
277.0   1.109282188535961e-5
278.0   1.0773869090587398e-5
279.0   1.0492707636412751e-5
280.0   1.0261456951025559e-5
281.0   1.010031212908617e-5
282.0   1.001983884748351e-5
283.0   1.0022131723144385e-5
284.0   1.0095509719800016e-5
285.0   1.0220388304606143e-5
286.0   1.0388131782427677e-5
287.0   1.0563210809253409e-5
288.0   1.0734728555164139e-5
289.0   1.0881197034456869e-5
290.0   1.0975946472972163e-5
291.0   1.101127581666279e-5
292.0   1.0990402489766657e-5
293.0   1.089773220623338e-5
294.0   1.0749780574654538e-5
295.0   1.0548669855300283e-5
296.0   1.030555215567405e-5
297.0   1.0032211103140256e-5
298.0   9.739375042200024e-6
299.0   9.445625302462062e-6
300.0   9.16133269635282e-6
301.0   8.922925808418115e-6
302.0   8.722288193072826e-6
303.0   8.551356871126932e-6
304.0   8.430550415816194e-6
305.0   8.356947770492561e-6
306.0   8.319848064847009e-6
307.0   8.336951933751158e-6
308.0   8.384778784328614e-6
309.0   8.468206326428659e-6
310.0   8.571495458189893e-6
311.0   8.69608350723154e-6
312.0   8.82003783081945e-6
313.0   8.950920384185036e-6
314.0   9.076106001396687e-6
315.0   9.18811189833617e-6
316.0   9.292035969069862e-6
317.0   9.385452549805532e-6
318.0   9.45353948303626e-6
319.0   9.50890293504317e-6
320.0   9.551651965303375e-6
321.0   9.581829725238937e-6
322.0   9.599605415541088e-6
323.0   9.614909027394287e-6
324.0   9.620412398007698e-6
325.0   9.625969054601137e-6
326.0   9.626673990186423e-6
327.0   9.636229033283433e-6
328.0   9.646374639314897e-6
329.0   9.661369022706555e-6
330.0   9.681144690066543e-6
331.0   9.703260201719793e-6
332.0   9.732532552573916e-6
333.0   9.761725732307535e-6
334.0   9.79080839830455e-6
335.0   9.824581222193771e-6
336.0   9.850761297078774e-6
337.0   9.874539409745881e-6
338.0   9.893578570414143e-6
339.0   9.903100301805591e-6
340.0   9.912689621587663e-6
341.0   9.90578731268429e-6
342.0   9.898971973093461e-6
343.0   9.8759328588282e-6
344.0   9.846076638759853e-6
345.0   9.809455120502783e-6
346.0   9.762859491805748e-6
347.0   9.708781409828161e-6
348.0   9.65045988495466e-6
349.0   9.585629995638057e-6
350.0   9.521187202222864e-6
351.0   9.464017285242688e-6
352.0   9.404941936368492e-6
353.0   9.350766192882794e-6
354.0   9.303750252559088e-6
355.0   9.261575491285789e-6
356.0   9.233168072478433e-6
357.0   9.216263016280187e-6
358.0   9.210680303772334e-6
359.0   9.220873018422685e-6
360.0   9.251158183727581e-6
361.0   9.296928632543623e-6
362.0   9.360259696608727e-6
363.0   9.443299240470516e-6
364.0   9.541448276557436e-6
365.0   9.663772535142579e-6
366.0   9.795035187255987e-6
367.0   9.945458057441854e-6
368.0   1.011059377509267e-5
369.0   1.0285905234594805e-5
370.0   1.0462636599134065e-5
371.0   1.0645095888179179e-5
372.0   1.0824599973306471e-5
373.0   1.1005502533795226e-5
374.0   1.1172675462710501e-5
375.0   1.1332643598897388e-5
376.0   1.1472554249092898e-5
377.0   1.1596912352543194e-5
378.0   1.1699287505841492e-5
379.0   1.1782080222767787e-5
380.0   1.1838951774916444e-5
381.0   1.1863656470887582e-5
382.0   1.1867095651910786e-5
383.0   1.1845176328955644e-5
384.0   1.1793801643944345e-5
385.0   1.1715272832946697e-5
386.0   1.1611909203099118e-5
387.0   1.148803068674613e-5
388.0   1.1339581844599203e-5
389.0   1.1170826320685626e-5
390.0   1.0984074539115598e-5
391.0   1.0777515468040126e-5
392.0   1.0561700881086136e-5
393.0   1.0336662298539286e-5
394.0   1.0100436821675587e-5
395.0   9.859278438849415e-6
396.0   9.61524061912711e-6
397.0   9.366294079585843e-6
398.0   9.118601957099326e-6
399.0   8.876258350476257e-6
400.0   8.639219634758438e-6
401.0   8.399245939333503e-6
402.0   8.16858211188653e-6
403.0   7.951193770421606e-6
404.0   7.740888919870164e-6
405.0   7.547711464698437e-6
406.0   7.367502989291406e-6
407.0   7.200169749227473e-6
408.0   7.04960874909613e-6
409.0   6.917713597005781e-6
410.0   6.802320705929429e-6
411.0   6.701378334455587e-6
412.0   6.6186932018934004e-6
413.0   6.556154059458754e-6
414.0   6.509384800097262e-6
415.0   6.482375851633715e-6
416.0   6.469243933393691e-6
417.0   6.473777877142991e-6
418.0   6.4900084201128385e-6
419.0   6.52563289680183e-6
420.0   6.5688999853816664e-6
421.0   6.6274570492026e-6
422.0   6.693497133001785e-6
423.0   6.770846247119655e-6
424.0   6.853616919703369e-6
425.0   6.939900472070989e-6
426.0   7.03156604171649e-6
427.0   7.122826401006824e-6
428.0   7.215637535058674e-6
429.0   7.308066080519686e-6
430.0   7.398194315655435e-6
431.0   7.486087128819089e-6
432.0   7.564156544159646e-6
433.0   7.64194037158352e-6
434.0   7.708108451434016e-6
435.0   7.766514854126758e-6
436.0   7.817210616137772e-6
437.0   7.85837778501922e-6
438.0   7.886349366525656e-6
439.0   7.906791435428295e-6
440.0   7.91601315575911e-6
441.0   7.915964525903726e-6
442.0   7.906704328897597e-6
443.0   7.885923964554277e-6
444.0   7.852217537303613e-6
445.0   7.809565831378284e-6
446.0   7.75431805585681e-6
447.0   7.695699283022907e-6
448.0   7.630138179875208e-6
449.0   7.553995515942868e-6
450.0   7.470973805907651e-6
451.0   7.3811452458529334e-6
452.0   7.288143531078423e-6
453.0   7.188410728215318e-6
454.0   7.085586866324823e-6
455.0   6.977875229953684e-6
456.0   6.870676325057241e-6
457.0   6.762223099706061e-6
458.0   6.650719230918442e-6
459.0   6.539738787813019e-6
460.0   6.4292986883153266e-6
461.0   6.319372586844158e-6
462.0   6.211721390028686e-6
463.0   6.106329076826336e-6
464.0   6.001442300847197e-6
465.0   5.900543466152857e-6
466.0   5.803605471380525e-6
467.0   5.708874594112905e-6
468.0   5.618039661856365e-6
469.0   5.531111937349423e-6
470.0   5.4497810697110026e-6
471.0   5.37574096527812e-6
472.0   5.302035857822667e-6
473.0   5.239020492780511e-6
474.0   5.174553374928687e-6
475.0   5.117240909912699e-6
476.0   5.065341564632855e-6
477.0   5.018737222133103e-6
478.0   4.977049260298302e-6
479.0   4.940661815207818e-6
480.0   4.906144778429823e-6
481.0   4.878567615058483e-6
482.0   4.854520650670394e-6
483.0   4.835635476985564e-6
484.0   4.823593829463286e-6
485.0   4.81161805116644e-6
486.0   4.806411218899803e-6
487.0   4.802913315683766e-6
488.0   4.801129473087086e-6
489.0   4.80268251507997e-6
490.0   4.807567343877912e-6
491.0   4.8157791426847e-6
492.0   4.8256106321543595e-6
493.0   4.837083760368062e-6
494.0   4.8501566305858615e-6
495.0   4.866496212327229e-6
496.0   4.881126732285234e-6
497.0   4.897350720557648e-6
498.0   4.91680953689843e-6
499.0   4.934557549013308e-6
500.0   4.952249512203624e-6
501.0   4.971510712605137e-6
502.0   4.990710551645453e-6
503.0   5.0114678527939156e-6
504.0   5.030543702207134e-6
505.0   5.047931699418119e-6
506.0   5.06528399179058e-6
507.0   5.085778371162418e-6
508.0   5.103004382444784e-6
509.0   5.118580616048101e-6
510.0   5.13411294651762e-6
511.0   5.151177642303159e-6
512.0   5.163423988748526e-6
513.0   5.177226827671949e-6
514.0   5.189410202696221e-6
515.0   5.201564231714613e-6
516.0   5.213672031523502e-6
517.0   5.223761291149975e-6
518.0   5.231613985664804e-6
519.0   5.237896878145462e-6
520.0   5.2425854037206684e-6
521.0   5.247285531939564e-6
522.0   5.253538078164896e-6
523.0   5.256669257969321e-6
524.0   5.258250090291951e-6
525.0   5.258307690811171e-6
526.0   5.258361991178937e-6
527.0   5.256905807413051e-6
528.0   5.255470058484622e-6
529.0   5.2555905400213885e-6
530.0   5.254192479261703e-6
531.0   5.251285136119869e-6
532.0   5.245351084036468e-6
533.0   5.240996521626002e-6
534.0   5.238177419479228e-6
535.0   5.23083199441416e-6
536.0   5.223530661218775e-6
537.0   5.2162904989435375e-6
538.0   5.209076668029587e-6
539.0   5.201923526954293e-6
540.0   5.193293643709831e-6
541.0   5.184712603859888e-6
542.0   5.176180148786874e-6
543.0   5.166202036337241e-6
544.0   5.156277737363825e-6
545.0   5.149383475053387e-6
546.0   5.13658938593709e-6
547.0   5.126807734997893e-6
548.0   5.115615969381249e-6
549.0   5.102988211091597e-6
550.0   5.093388990872023e-6
551.0   5.080881747355606e-6
552.0   5.068437019129059e-6
553.0   5.056054435839746e-6
554.0   5.042253676559698e-6
555.0   5.029997032736676e-6
556.0   5.016326965273452e-6
557.0   5.002723024075474e-6
558.0   4.98918480869092e-6
559.0   4.974262122137461e-6
560.0   4.960840350086834e-6
561.0   4.94459415298015e-6
562.0   4.928422655569299e-6
563.0   4.915203983838432e-6
564.0   4.898525060124805e-6
565.0   4.881097542775774e-6
566.0   4.862322232187465e-6
567.0   4.845078699595781e-6
568.0   4.826476118382768e-6
569.0   4.807992514960419e-6
570.0   4.789579266612887e-6
571.0   4.769851884489463e-6
572.0   4.7516283661198435e-6
573.0   4.733505178404616e-6
574.0   4.711228750524939e-6
575.0   4.6904728630941915e-6
576.0   4.672614150264404e-6
577.0   4.6492584248371765e-6
578.0   4.631590318461616e-6
579.0   4.609823948862885e-6
580.0   4.588154756964217e-6
581.0   4.565194509564408e-6
582.0   4.545105366484554e-6
583.0   4.523738948199577e-6
584.0   4.501087619155288e-6
585.0   4.477158838712281e-6
586.0   4.4560821729304925e-6
587.0   4.433726751854426e-6
588.0   4.410099924478132e-6
589.0   4.387955774273691e-6
590.0   4.365893007324876e-6
591.0   4.343940109277404e-6
592.0   4.319365277784061e-6
593.0   4.2989476227230635e-6
594.0   4.274573164131381e-6
595.0   4.251652288369435e-6
596.0   4.230176689031894e-6
597.0   4.206101576825993e-6
598.0   4.183470458883947e-6
599.0   4.162275159440911e-6
600.0   4.13847975151698e-6
601.0   4.117468294559126e-6
602.0   4.093879192532297e-6
603.0   4.071718446916716e-6
604.0   4.049649905419824e-6
605.0   4.0303110696619685e-6
606.0   4.009743709800523e-6
607.0   3.987927737979441e-6
608.0   3.9688520595782136e-6
609.0   3.948526788245282e-6
610.0   3.928285598592398e-6
611.0   3.908140958384092e-6
612.0   3.890684449764717e-6
613.0   3.870674605529031e-6
614.0   3.853368568910229e-6
615.0   3.836134700542111e-6
616.0   3.81895981826579e-6
617.0   3.8005714011554894e-6
618.0   3.7861315947647938e-6
619.0   3.7678741033348225e-6
620.0   3.753475908610779e-6
621.0   3.7380177151729417e-6
622.0   3.723926930977733e-6
623.0   3.7086171107661053e-6
624.0   3.695948636713303e-6
625.0   3.6807826660117644e-6
626.0   3.6682344527244778e-6
627.0   3.655755444920575e-6
628.0   3.6446029305999967e-6
629.0   3.634768947206983e-6
630.0   3.6224632295946573e-6
631.0   3.6127377008843643e-6
632.0   3.6030574029589825e-6
633.0   3.593434081207939e-6
634.0   3.587619985016586e-6
635.0   3.57933076622147e-6
636.0   3.571080865642724e-6
637.0   3.565376990976014e-6
638.0   3.5609473715631275e-6
639.0   3.555299292002682e-6
640.0   3.5509204073418457e-6
641.0   3.5465773859151586e-6
642.0   3.543493783141756e-6
643.0   3.5404292597227393e-6
644.0   3.5386145788074435e-6
645.0   3.535585701150154e-6
646.0   3.535028063669325e-6
647.0   3.535715704937008e-6
648.0   3.533953433575042e-6
649.0   3.5334364603989958e-6
650.0   3.5365800996755347e-6
651.0   3.5372903446615807e-6
652.0   3.53800577307201e-6
653.0   3.5393207729412947e-6
654.0   3.5416300722117624e-6
655.0   3.542729295279422e-6
656.0   3.546245457546536e-6
657.0   3.548551787613041e-6
658.0   3.5520628927778133e-6
659.0   3.5555645246572242e-6
660.0   3.5578641141841063e-6
661.0   3.5637302356658377e-6
662.0   3.5684017378728288e-6
663.0   3.5718740981373522e-6
664.0   3.5765208506828344e-6
665.0   3.581166294182905e-6
666.0   3.585798627562312e-6
667.0   3.5927700809621507e-6
668.0   3.597372035485847e-6
669.0   3.6031448720047934e-6
670.0   3.608888602985113e-6
671.0   3.6146276295179884e-6
672.0   3.6203622134142835e-6
673.0   3.6272304667089843e-6
674.0   3.632930248811773e-6
675.0   3.638614074429288e-6
676.0   3.64543758433963e-6
677.0   3.6510878450845745e-6
678.0   3.6567227354671116e-6
679.0   3.6635035464904178e-6
680.0   3.670252681265573e-6
681.0   3.6747061823183263e-6
682.0   3.6814339488966495e-6
683.0   3.6881430052768167e-6
684.0   3.6936956434480362e-6
685.0   3.699234283823186e-6
686.0   3.703625460206535e-6
687.0   3.710282777268953e-6
688.0   3.7146511096059222e-6
689.0   3.7210520990958687e-6
690.0   3.724231925138304e-6
691.0   3.7285225751514463e-6
692.0   3.7316896060988466e-6
693.0   3.733727890591983e-6
694.0   3.736875074773934e-6
695.0   3.7389111907144253e-6
696.0   3.742064339995514e-6
697.0   3.7440862604701444e-6
698.0   3.747220780836708e-6
699.0   3.7492543149735347e-6
700.0   3.75018134506307e-6
701.0   3.7522063980668127e-6
702.0   3.7509368839120622e-6
703.0   3.751876957190756e-6
704.0   3.7528165584258314e-6
705.0   3.753755768695225e-6
706.0   3.7536199785329034e-6
707.0   3.7534884469633703e-6
708.0   3.752278314012742e-6
709.0   3.7521703482026965e-6
710.0   3.750988290342926e-6
711.0   3.7498150663534388e-6
712.0   3.7475765814868106e-6
713.0   3.7442920436273888e-6
714.0   3.7420948011212433e-6
715.0   3.737775467616998e-6
716.0   3.735608834756978e-6
717.0   3.7324046069333194e-6
718.0   3.7292177175389857e-6
719.0   3.724988986882463e-6
720.0   3.721838747995818e-6
721.0   3.7165958101736112e-6
722.0   3.7124438084723732e-6
723.0   3.707262215307368e-6
724.0   3.70210588561954e-6
725.0   3.6959280143816995e-6
726.0   3.690823960123512e-6
727.0   3.6847022288830027e-6
728.0   3.677581261431895e-6
729.0   3.671531678787279e-6
730.0   3.6639181774550815e-6
731.0   3.654572100569275e-6
732.0   3.644236463266669e-6
733.0   3.631902989295982e-6
734.0   3.6227030628716786e-6
735.0   3.613556075889666e-6
736.0   3.6013879502517006e-6
737.0   3.5913113209995317e-6
738.0   3.5802643901590898e-6
739.0   3.5692917328785336e-6
740.0   3.5583565099575112e-6
741.0   3.5464749478542384e-6
742.0   3.535652750625401e-6
743.0   3.522885743244223e-6
744.0   3.5111774604683973e-6
745.0   3.4995223170345184e-6
746.0   3.486924622016068e-6
747.0   3.475389242124623e-6
748.0   3.4609463089007967e-6
749.0   3.449534128949149e-6
750.0   3.4371878101009955e-6
751.0   3.4239142715841886e-6
752.0   3.411693916347502e-6
753.0   3.3975718485267404e-6
754.0   3.3854667486671923e-6
755.0   3.3714803067925545e-6
756.0   3.3585291674269954e-6
757.0   3.3456482832365963e-6
758.0   3.331847470250444e-6
759.0   3.3181208040188153e-6
760.0   3.3054300895960155e-6
761.0   3.289905414272119e-6
762.0   3.277335912825818e-6
763.0   3.2629121689041223e-6
764.0   3.250471412539458e-6
765.0   3.2361846744447145e-6
766.0   3.221962522698458e-6
767.0   3.209697666540116e-6
768.0   3.19561019842268e-6
769.0   3.1825283094026952e-6
770.0   3.167625245375059e-6
771.0   3.1546648296840793e-6
772.0   3.1408376988940333e-6
773.0   3.1270725380597813e-6
774.0   3.1143003134991554e-6
775.0   3.099609074380273e-6
776.0   3.086528512962728e-6
777.0   3.0697922708587567e-6
778.0   3.0549809823973425e-6
779.0   3.040220004351148e-6
780.0   3.0264466958611136e-6
781.0   3.0118042187225483e-6
782.0   2.9953987519855978e-6
783.0   2.9827097537348815e-6
784.0   2.967340257796811e-6
785.0   2.9520452970215813e-6
786.0   2.939509139719763e-6
787.0   2.9234250636725194e-6
788.0   2.911006656097014e-6
789.0   2.8968379687442574e-6
790.0   2.881845469398427e-6
791.0   2.8686846302127206e-6
792.0   2.8555864988670023e-6
793.0   2.8407615431211726e-6
794.0   2.829537554569521e-6
795.0   2.8153955426555547e-6
796.0   2.8041906019649788e-6
797.0   2.793888150211625e-6
798.0   2.7836177845810926e-6
799.0   2.772495932669554e-6
800.0   2.763153542810365e-6
801.0   2.7529691598364766e-6
802.0   2.742816439099428e-6
803.0   2.733553242010058e-6
804.0   2.7234524557742803e-6
805.0   2.7133830397637536e-6
806.0   2.7033448739624544e-6
807.0   2.6941897468778826e-6
808.0   2.6841934648052247e-6
809.0   2.675954010657385e-6
810.0   2.6651598706516244e-6
811.0   2.656965065338383e-6
812.0   2.647941194406353e-6
813.0   2.639787710156301e-6
814.0   2.6308080799155703e-6
815.0   2.6218558235952043e-6
816.0   2.6143635918547474e-6
817.0   2.6065302545241035e-6
818.0   2.600406252427055e-6
819.0   2.594296097628088e-6
820.0   2.588199739270973e-6
821.0   2.58127384878292e-6
822.0   2.5760482096946694e-6
823.0   2.5700019240374674e-6
824.0   2.5648008688784165e-6
825.0   2.5587807875851213e-6
826.0   2.551926340068961e-6
827.0   2.5476100695683756e-6
828.0   2.543303691471593e-6
829.0   2.536498269515162e-6
830.0   2.531378714991409e-6
831.0   2.527105237454805e-6
832.0   2.5211740582713498e-6
833.0   2.515264796370618e-6
834.0   2.511023835803559e-6
835.0   2.5068012624357646e-6
836.0   2.502579508488051e-6
837.0   2.4975465680585712e-6
838.0   2.493937081784036e-6
839.0   2.4911506740767373e-6
840.0   2.48920479908629e-6
841.0   2.488099125203625e-6
842.0   2.486176444914877e-6
843.0   2.4834369806299385e-6
844.0   2.4815374996272813e-6
845.0   2.480477716169158e-6
846.0   2.4794205983230553e-6
847.0   2.4775467076386354e-6
848.0   2.4756842082526464e-6
849.0   2.4746609809827316e-6
850.0   2.4728210771142524e-6
851.0   2.472648049540032e-6
852.0   2.4700027869537496e-6
853.0   2.4698433349707145e-6
854.0   2.4680481331012818e-6
855.0   2.4670830891438093e-6
856.0   2.4677841760314174e-6
857.0   2.4660135252237383e-6
858.0   2.465908876525943e-6
859.0   2.464987636998141e-6
860.0   2.4640687609171635e-6
861.0   2.4631693024631773e-6
862.0   2.4622721630160424e-6
863.0   2.462213209032854e-6
864.0   2.462992363751573e-6
865.0   2.461300260987319e-6
866.0   2.4612735695222456e-6
867.0   2.4612575916985447e-6
868.0   2.461252310804949e-6
869.0   2.4612492109735067e-6
870.0   2.4612652776283525e-6
871.0   2.460456176889899e-6
872.0   2.4613123584171745e-6
873.0   2.463006529914817e-6
874.0   2.462229288715664e-6
875.0   2.4622899864076096e-6
876.0   2.4607064495381908e-6
877.0   2.462443100660993e-6
878.0   2.462527012369486e-6
879.0   2.4626299332255865e-6
880.0   2.4627349030313294e-6
881.0   2.463677951537945e-6
882.0   2.4646400457978567e-6
883.0   2.46560424575876e-6
884.0   2.464923593243912e-6
885.0   2.46590882291533e-6
886.0   2.467312067724744e-6
887.0   2.4714930771429497e-6
888.0   2.475670468606328e-6
889.0   2.4798527065773363e-6
890.0   2.4832070611928265e-6
891.0   2.4865640152717333e-6
892.0   2.4899150708495795e-6
893.0   2.494940928595148e-6
894.0   2.499965359818223e-6
895.0   2.5033201621489388e-6
896.0   2.5075170243482407e-6
897.0   2.51087811777876e-6
898.0   2.515916706383271e-6
899.0   2.519268118062546e-6
900.0   2.5234660647302934e-6
901.0   2.5276688233351795e-6
902.0   2.532714038124073e-6
903.0   2.5360716296284388e-6
904.0   2.540280237540907e-6
905.0   2.5444764670468035e-6
906.0   2.548686075202666e-6
907.0   2.552891872456195e-6
908.0   2.557093839201999e-6
909.0   2.5613005770657546e-6
910.0   2.566367258877867e-6
911.0   2.570576026811638e-6
912.0   2.5740012967856174e-6
913.0   2.5792674561663773e-6
914.0   2.58367262172836e-6
915.0   2.5880655328487873e-6
916.0   2.591592682735947e-6
917.0   2.595968478298461e-6
918.0   2.602069548477731e-6
919.0   2.6064228981814696e-6
920.0   2.609914414246825e-6
921.0   2.6133824377046645e-6
922.0   2.6194516428713985e-6
923.0   2.623772401034254e-6
924.0   2.6272179167945756e-6
925.0   2.6315210506059124e-6
926.0   2.637558827220004e-6
927.0   2.6418476122424075e-6
928.0   2.645247745215378e-6
929.0   2.648641625441031e-6
930.0   2.6546461340418085e-6
931.0   2.658892502089464e-6
932.0   2.663125977267715e-6
933.0   2.6664738469719267e-6
934.0   2.671571714330635e-6
935.0   2.6757751018522702e-6
936.0   2.680859048474968e-6
937.0   2.684160383617381e-6
938.0   2.6892203290121447e-6
939.0   2.6933812601193034e-6
940.0   2.6969620464425895e-6
941.0   2.7002983508896094e-6
942.0   2.7045019598917615e-6
943.0   2.70690127553612e-6
944.0   2.711059895443449e-6
945.0   2.7134109893959346e-6
946.0   2.7184180391321215e-6
947.0   2.7207215263641606e-6
948.0   2.7239040574923918e-6
949.0   2.7270541652072027e-6
950.0   2.730189613195517e-6
951.0   2.7341898830530554e-6
952.0   2.7363807430291853e-6
953.0   2.7403440255389562e-6
954.0   2.743385518182119e-6
955.0   2.747312341656828e-6
956.0   2.7494150262293714e-6
957.0   2.7523850922719436e-6
958.0   2.7562424240775307e-6
959.0   2.759183249217129e-6
960.0   2.762091157658415e-6
961.0   2.7649840270212834e-6
962.0   2.7678528647347646e-6
963.0   2.771612065666447e-6
964.0   2.774442338964822e-6
965.0   2.7772484714784627e-6
966.0   2.7800304277289993e-6
967.0   2.781889235784047e-6
968.0   2.7855396601017796e-6
969.0   2.7883570016614366e-6
970.0   2.788864063685468e-6
971.0   2.788446575532088e-6
972.0   2.7889398357912324e-6
973.0   2.7903254443474713e-6
974.0   2.7917037998974126e-6
975.0   2.7912588512483625e-6
976.0   2.7907982332668013e-6
977.0   2.7930541078114746e-6
978.0   2.79349625635549e-6
979.0   2.793922436170568e-6
980.0   2.7934343858586275e-6
981.0   2.795651967397083e-6
982.0   2.7960570537939805e-6
983.0   2.795539410468884e-6
984.0   2.795015127739762e-6
985.0   2.797212449445506e-6
986.0   2.7984868692615283e-6
987.0   2.7979328319014325e-6
988.0   2.7973811555445143e-6
989.0   2.798634271584933e-6
990.0   2.7998710574215742e-6
991.0   2.800204134389989e-6
992.0   2.7996160985579287e-6
993.0   2.79993539225389e-6
994.0   2.8011434879766913e-6
995.0   2.8014396419108676e-6
996.0   2.8008244432525045e-6
997.0   2.802010992536192e-6
998.0   2.80228618863184e-6
999.0   2.8025543982417792e-6
1000.0   2.8027618087568604e-6
1001.0   2.801718318298093e-6
1002.0   2.8006686860968407e-6
1003.0   2.799621872533236e-6
1004.0   2.798559973708345e-6
1005.0   2.7975008978371757e-6
1006.0   2.7964446366472163e-6
1007.0   2.7953733176342816e-6
1008.0   2.794304817700935e-6
1009.0   2.793230206951947e-6
1010.0   2.7921494928602084e-6
1011.0   2.7910715940760144e-6
1012.0   2.789987596459139e-6
1013.0   2.7888975075276173e-6
1014.0   2.7878102302436887e-6
1015.0   2.7867168662357648e-6
1016.0   2.7856174230666774e-6
1017.0   2.784511908321982e-6
1018.0   2.7834092040130103e-6
1019.0   2.782300432828524e-6
1020.0   2.781194466292385e-6
1021.0   2.7800824376303505e-6
1022.0   2.778964354493824e-6
1023.0   2.777840224556695e-6
1024.0   2.77671889835319e-6
1025.0   2.7755915302062467e-6
1026.0   2.7744581278334153e-6
1027.0   2.773327525999072e-6
1028.0   2.7721908948734753e-6
1029.0   2.771057058704272e-6
1030.0   2.769917198226506e-6
1031.0   2.768771321221932e-6
1032.0   2.767619435494435e-6
1033.0   2.7664703442433175e-6
1034.0   2.7652009796472866e-6
1035.0   2.7638994071053573e-6
1036.0   2.7625920210810528e-6
1037.0   2.7612876029029895e-6
1038.0   2.759977376565126e-6
1039.0   2.758670112241985e-6
1040.0   2.757357045129679e-6
1041.0   2.7560469342562497e-6
1042.0   2.7547310260119925e-6
1043.0   2.7534093287097244e-6
1044.0   2.7520905846597426e-6
1045.0   2.75077478545105e-6
1046.0   2.7494531998571946e-6
1047.0   2.748125836230301e-6
1048.0   2.7468014146140387e-6
1049.0   2.7454799266590014e-6
1050.0   2.74414396295271e-6
1051.0   2.7428196335007928e-6
1052.0   2.7414895344946824e-6
1053.0   2.740153674344437e-6
1054.0   2.7388207397390577e-6
1055.0   2.7374820497129684e-6
1056.0   2.7361462798450918e-6
1057.0   2.7348134219062324e-6
1058.0   2.7334748116543443e-6
1059.0   2.7321304575562003e-6
1060.0   2.7307890130097926e-6
1061.0   2.7294418304748445e-6
1062.0   2.7280975522600745e-6
1063.0   2.726756170223875e-6
1064.0   2.7254090535168276e-6
1065.0   2.724056210661248e-6
1066.0   2.7227062618258147e-6
1067.0   2.721359198926122e-6
1068.0   2.7200064133329433e-6
1069.0   2.7186565086344134e-6
1070.0   2.7173008872919186e-6
1071.0   2.7159481418524016e-6
1072.0   2.714589685861043e-6
1073.0   2.7132341008300255e-6
1074.0   2.7118728113815756e-6
1075.0   2.710514387999486e-6
1076.0   2.7091502663763482e-6
1077.0   2.7077890059738668e-6
1078.0   2.7064220535483893e-6
1079.0   2.7050579575457683e-6
1080.0   2.7036967100769646e-6
1081.0   2.7023297744750645e-6
1082.0   2.7009656826939765e-6
1083.0   2.699595909096353e-6
1084.0   2.6982289746534293e-6
1085.0   2.696856364751102e-6
1086.0   2.6954865893838976e-6
1087.0   2.6941111449547e-6
1088.0   2.6927470208148266e-6
1089.0   2.6913687382266026e-6
1090.0   2.6899932810829145e-6
1091.0   2.6886206416545936e-6
1092.0   2.6872423438355254e-6
1093.0   2.685866859285545e-6
1094.0   2.6844941803291434e-6
1095.0   2.683115847317983e-6
1096.0   2.6817318690106785e-6
1097.0   2.6803591362813282e-6
1098.0   2.6789723183338172e-6
1099.0   2.6775967307411227e-6
1100.0   2.6762155001762157e-6