"FUV_DICHROIC" 
 "/Users/mayabasu/RustroverProjects/astroimsim-spectra/src/spectral_response_files/UVIM_dichroic_response.dat" 
 GRID1D { scale: 1000.0, step_size: 1.0, minimum_value: 120.0, maximum_value: 1000.0, snap_precision: 0.01, label: "" } 
 "fuv path of dichroic (transmission)" 
 
 

120.0   0.14496
121.0   0.13122
122.0   0.12882
123.0   0.1351
124.0   0.14196
125.0   0.1401
126.0   0.13718
127.0   0.13344
128.0   0.10972
129.0   0.10038
130.0   0.10322
131.0   0.1207
132.0   0.17234
133.0   0.24764
134.0   0.31522
135.0   0.3924
136.0   0.44406
137.0   0.45648
138.0   0.45722
139.0   0.4601
140.0   0.46332
141.0   0.4631
142.0   0.46244
143.0   0.46136
144.0   0.46844
145.0   0.47688
146.0   0.47286
147.0   0.46388
148.0   0.45106
149.0   0.4417
150.0   0.44578
151.0   0.46748
152.0   0.4896
153.0   0.51138
154.0   0.52788
155.0   0.53804
156.0   0.53846
157.0   0.5379
158.0   0.54002
159.0   0.54384
160.0   0.54708
161.0   0.53848
162.0   0.52748
163.0   0.52012
164.0   0.51582
165.0   0.5138
166.0   0.52352
167.0   0.53188
168.0   0.5353
169.0   0.53674
170.0   0.54564
171.0   0.56054
172.0   0.57922
173.0   0.59564
174.0   0.60552
175.0   0.60466
176.0   0.58338
177.0   0.55322
178.0   0.51656
179.0   0.47896
180.0   0.44588
181.0   0.4136
182.0   0.3827
183.0   0.3516
184.0   0.31342
185.0   0.27462
186.0   0.2364
187.0   0.20006
188.0   0.16696
189.0   0.1388
190.0   0.11688
191.0   0.10076
192.0   0.09116
193.0   0.08688
194.0   0.08614
195.0   0.08806
196.0   0.09154
197.0   0.0957
198.0   0.0995
199.0   0.1021
200.0   0.1027
201.0   0.10128
202.0   0.09808
203.0   0.09406
204.0   0.09032
205.0   0.08782
206.0   0.08714
207.0   0.08828
208.0   0.09064
209.0   0.09334
210.0   0.09532
211.0   0.0957
212.0   0.09442
213.0   0.09178
214.0   0.08828
215.0   0.08482
216.0   0.082
217.0   0.0802
218.0   0.0797
219.0   0.08046
220.0   0.08212
221.0   0.08432
222.0   0.08642
223.0   0.08806
224.0   0.0889
225.0   0.0889
226.0   0.08808
227.0   0.08676
228.0   0.08526
229.0   0.08398
230.0   0.08332
231.0   0.08334
232.0   0.08414
233.0   0.08554
234.0   0.08722
235.0   0.0888
236.0   0.08994
237.0   0.09032
238.0   0.08974
239.0   0.08818
240.0   0.0857
241.0   0.08218
242.0   0.07808
243.0   0.07394
244.0   0.07018
245.0   0.06718
246.0   0.06524
247.0   0.06448
248.0   0.0649
249.0   0.0663
250.0   0.06836
251.0   0.07088
252.0   0.0735
253.0   0.07588
254.0   0.07778
255.0   0.07912
256.0   0.07986
257.0   0.08002
258.0   0.07978
259.0   0.07928
260.0   0.07874
261.0   0.0784
262.0   0.0784
263.0   0.07888
264.0   0.07984
265.0   0.0812
266.0   0.08282
267.0   0.08456
268.0   0.08612
269.0   0.08736
270.0   0.08814
271.0   0.08834
272.0   0.08798
273.0   0.08704
274.0   0.08564
275.0   0.08384
276.0   0.08178
277.0   0.07966
278.0   0.07758
279.0   0.07576
280.0   0.0743
281.0   0.07334
282.0   0.07296
283.0   0.07318
284.0   0.07392
285.0   0.07504
286.0   0.07648
287.0   0.07798
288.0   0.07946
289.0   0.08076
290.0   0.08168
291.0   0.08216
292.0   0.08222
293.0   0.08174
294.0   0.08084
295.0   0.07954
296.0   0.07792
297.0   0.07606
298.0   0.07404
299.0   0.072
300.0   0.07002
301.0   0.06838
302.0   0.06702
303.0   0.06588
304.0   0.06512
305.0   0.06472
306.0   0.0646
307.0   0.0649
308.0   0.06544
309.0   0.06626
310.0   0.06724
311.0   0.06842
312.0   0.0696
313.0   0.07084
314.0   0.07204
315.0   0.07314
316.0   0.07418
317.0   0.07514
318.0   0.0759
319.0   0.07656
320.0   0.07712
321.0   0.07758
322.0   0.07794
323.0   0.07828
324.0   0.07854
325.0   0.0788
326.0   0.07902
327.0   0.0793
328.0   0.07958
329.0   0.0799
330.0   0.08026
331.0   0.08064
332.0   0.08108
333.0   0.08152
334.0   0.08196
335.0   0.08244
336.0   0.08286
337.0   0.08328
338.0   0.08366
339.0   0.08396
340.0   0.08426
341.0   0.08442
342.0   0.08458
343.0   0.0846
344.0   0.08456
345.0   0.08446
346.0   0.08428
347.0   0.08404
348.0   0.08376
349.0   0.08342
350.0   0.08308
351.0   0.0828
352.0   0.0825
353.0   0.08224
354.0   0.08204
355.0   0.08188
356.0   0.08184
357.0   0.0819
358.0   0.08206
359.0   0.08236
360.0   0.08284
361.0   0.08346
362.0   0.08424
363.0   0.0852
364.0   0.0863
365.0   0.08762
366.0   0.08902
367.0   0.0906
368.0   0.09232
369.0   0.09414
370.0   0.09598
371.0   0.09788
372.0   0.09976
373.0   0.10166
374.0   0.10344
375.0   0.10516
376.0   0.1067
377.0   0.1081
378.0   0.1093
379.0   0.11032
380.0   0.1111
381.0   0.11158
382.0   0.11186
383.0   0.1119
384.0   0.11166
385.0   0.11116
386.0   0.11042
387.0   0.10948
388.0   0.1083
389.0   0.10692
390.0   0.1054
391.0   0.10368
392.0   0.10186
393.0   0.09994
394.0   0.0979
395.0   0.0958
396.0   0.09366
397.0   0.09146
398.0   0.08926
399.0   0.0871
400.0   0.08498
401.0   0.08282
402.0   0.08074
403.0   0.07878
404.0   0.07688
405.0   0.07514
406.0   0.07352
407.0   0.07202
408.0   0.07068
409.0   0.06952
410.0   0.06852
411.0   0.06766
412.0   0.06698
413.0   0.0665
414.0   0.06618
415.0   0.06606
416.0   0.06608
417.0   0.06628
418.0   0.0666
419.0   0.06712
420.0   0.06772
421.0   0.06848
422.0   0.06932
423.0   0.07028
424.0   0.0713
425.0   0.07236
426.0   0.07348
427.0   0.0746
428.0   0.07574
429.0   0.07688
430.0   0.078
431.0   0.0791
432.0   0.0801
433.0   0.0811
434.0   0.08198
435.0   0.08278
436.0   0.0835
437.0   0.08412
438.0   0.0846
439.0   0.085
440.0   0.08528
441.0   0.08546
442.0   0.08554
443.0   0.0855
444.0   0.08534
445.0   0.08508
446.0   0.08468
447.0   0.08424
448.0   0.08372
449.0   0.08308
450.0   0.08236
451.0   0.08156
452.0   0.08072
453.0   0.0798
454.0   0.07884
455.0   0.07782
456.0   0.0768
457.0   0.07576
458.0   0.07468
459.0   0.0736
460.0   0.07252
461.0   0.07144
462.0   0.07038
463.0   0.06934
464.0   0.0683
465.0   0.0673
466.0   0.06634
467.0   0.0654
468.0   0.0645
469.0   0.06364
470.0   0.06284
471.0   0.06212
472.0   0.0614
473.0   0.0608
474.0   0.06018
475.0   0.05964
476.0   0.05916
477.0   0.05874
478.0   0.05838
479.0   0.05808
480.0   0.0578
481.0   0.0576
482.0   0.05744
483.0   0.05734
484.0   0.05732
485.0   0.0573
486.0   0.05736
487.0   0.05744
488.0   0.05754
489.0   0.05768
490.0   0.05786
491.0   0.05808
492.0   0.05832
493.0   0.05858
494.0   0.05886
495.0   0.05918
496.0   0.05948
497.0   0.0598
498.0   0.06016
499.0   0.0605
500.0   0.06084
501.0   0.0612
502.0   0.06156
503.0   0.06194
504.0   0.0623
505.0   0.06264
506.0   0.06298
507.0   0.06336
508.0   0.0637
509.0   0.06402
510.0   0.06434
511.0   0.06468
512.0   0.06496
513.0   0.06526
514.0   0.06554
515.0   0.06582
516.0   0.0661
517.0   0.06636
518.0   0.0666
519.0   0.06682
520.0   0.06702
521.0   0.06722
522.0   0.06744
523.0   0.06762
524.0   0.06778
525.0   0.06792
526.0   0.06806
527.0   0.06818
528.0   0.0683
529.0   0.06844
530.0   0.06856
531.0   0.06866
532.0   0.06872
533.0   0.0688
534.0   0.0689
535.0   0.06894
536.0   0.06898
537.0   0.06902
538.0   0.06906
539.0   0.0691
540.0   0.06912
541.0   0.06914
542.0   0.06916
543.0   0.06916
544.0   0.06916
545.0   0.0692
546.0   0.06916
547.0   0.06916
548.0   0.06914
549.0   0.0691
550.0   0.0691
551.0   0.06906
552.0   0.06902
553.0   0.06898
554.0   0.06892
555.0   0.06888
556.0   0.06882
557.0   0.06876
558.0   0.0687
559.0   0.06862
560.0   0.06856
561.0   0.06846
562.0   0.06836
563.0   0.0683
564.0   0.0682
565.0   0.0681
566.0   0.06798
567.0   0.06788
568.0   0.06776
569.0   0.06764
570.0   0.06752
571.0   0.06738
572.0   0.06726
573.0   0.06714
574.0   0.06696
575.0   0.0668
576.0   0.06668
577.0   0.06648
578.0   0.06636
579.0   0.06618
580.0   0.066
581.0   0.0658
582.0   0.06564
583.0   0.06546
584.0   0.06526
585.0   0.06504
586.0   0.06486
587.0   0.06466
588.0   0.06444
589.0   0.06424
590.0   0.06404
591.0   0.06384
592.0   0.0636
593.0   0.06342
594.0   0.06318
595.0   0.06296
596.0   0.06276
597.0   0.06252
598.0   0.0623
599.0   0.0621
600.0   0.06186
601.0   0.06166
602.0   0.06142
603.0   0.0612
604.0   0.06098
605.0   0.0608
606.0   0.0606
607.0   0.06038
608.0   0.0602
609.0   0.06
610.0   0.0598
611.0   0.0596
612.0   0.05944
613.0   0.05924
614.0   0.05908
615.0   0.05892
616.0   0.05876
617.0   0.05858
618.0   0.05846
619.0   0.05828
620.0   0.05816
621.0   0.05804
622.0   0.05794
623.0   0.05782
624.0   0.05774
625.0   0.05762
626.0   0.05754
627.0   0.05746
628.0   0.0574
629.0   0.05736
630.0   0.05728
631.0   0.05724
632.0   0.0572
633.0   0.05716
634.0   0.05718
635.0   0.05716
636.0   0.05714
637.0   0.05716
638.0   0.0572
639.0   0.05722
640.0   0.05726
641.0   0.0573
642.0   0.05736
643.0   0.05742
644.0   0.0575
645.0   0.05756
646.0   0.05766
647.0   0.05778
648.0   0.05786
649.0   0.05796
650.0   0.05812
651.0   0.05824
652.0   0.05836
653.0   0.0585
654.0   0.05866
655.0   0.0588
656.0   0.05898
657.0   0.05914
658.0   0.05932
659.0   0.0595
660.0   0.05966
661.0   0.05988
662.0   0.06008
663.0   0.06026
664.0   0.06046
665.0   0.06066
666.0   0.06086
667.0   0.0611
668.0   0.0613
669.0   0.06152
670.0   0.06174
671.0   0.06196
672.0   0.06218
673.0   0.06242
674.0   0.06264
675.0   0.06286
676.0   0.0631
677.0   0.06332
678.0   0.06354
679.0   0.06378
680.0   0.06402
681.0   0.06422
682.0   0.06446
683.0   0.0647
684.0   0.06492
685.0   0.06514
686.0   0.06534
687.0   0.06558
688.0   0.06578
689.0   0.06602
690.0   0.06622
691.0   0.06644
692.0   0.06664
693.0   0.06682
694.0   0.06702
695.0   0.0672
696.0   0.0674
697.0   0.06758
698.0   0.06778
699.0   0.06796
700.0   0.06812
701.0   0.0683
702.0   0.06842
703.0   0.06858
704.0   0.06874
705.0   0.0689
706.0   0.06904
707.0   0.06918
708.0   0.0693
709.0   0.06944
710.0   0.06956
711.0   0.06968
712.0   0.06978
713.0   0.06986
714.0   0.06996
715.0   0.07002
716.0   0.07012
717.0   0.0702
718.0   0.07028
719.0   0.07034
720.0   0.07042
721.0   0.07046
722.0   0.07052
723.0   0.07056
724.0   0.0706
725.0   0.07062
726.0   0.07066
727.0   0.07068
728.0   0.07068
729.0   0.0707
730.0   0.07072
731.0   0.07072
732.0   0.0707
733.0   0.07064
734.0   0.07064
735.0   0.07064
736.0   0.07058
737.0   0.07056
738.0   0.07052
739.0   0.07048
740.0   0.07044
741.0   0.07038
742.0   0.07034
743.0   0.07026
744.0   0.0702
745.0   0.07014
746.0   0.07006
747.0   0.07
748.0   0.06988
749.0   0.06982
750.0   0.06974
751.0   0.06964
752.0   0.06956
753.0   0.06944
754.0   0.06936
755.0   0.06924
756.0   0.06914
757.0   0.06904
758.0   0.06892
759.0   0.0688
760.0   0.0687
761.0   0.06854
762.0   0.06844
763.0   0.0683
764.0   0.0682
765.0   0.06806
766.0   0.06792
767.0   0.06782
768.0   0.06768
769.0   0.06756
770.0   0.0674
771.0   0.06728
772.0   0.06714
773.0   0.067
774.0   0.06688
775.0   0.06672
776.0   0.06662
777.0   0.06644
778.0   0.0663
779.0   0.06616
780.0   0.06604
781.0   0.0659
782.0   0.06572
783.0   0.06562
784.0   0.06546
785.0   0.0653
786.0   0.0652
787.0   0.06502
788.0   0.06492
789.0   0.06478
790.0   0.06462
791.0   0.0645
792.0   0.06438
793.0   0.06422
794.0   0.06414
795.0   0.06398
796.0   0.06384
797.0   0.06372
798.0   0.0636
799.0   0.06346
800.0   0.06336
801.0   0.06324
802.0   0.06312
803.0   0.06302
804.0   0.0629
805.0   0.06278
806.0   0.06266
807.0   0.06256
808.0   0.06244
809.0   0.06236
810.0   0.06222
811.0   0.06214
812.0   0.06204
813.0   0.06196
814.0   0.06186
815.0   0.06176
816.0   0.06168
817.0   0.06156
818.0   0.06148
819.0   0.0614
820.0   0.06132
821.0   0.06122
822.0   0.06116
823.0   0.06108
824.0   0.06102
825.0   0.06094
826.0   0.06084
827.0   0.0608
828.0   0.06076
829.0   0.06066
830.0   0.0606
831.0   0.06056
832.0   0.06048
833.0   0.0604
834.0   0.06036
835.0   0.06032
836.0   0.06028
837.0   0.06022
838.0   0.06018
839.0   0.06012
840.0   0.06008
841.0   0.06006
842.0   0.06002
843.0   0.05996
844.0   0.05992
845.0   0.0599
846.0   0.05988
847.0   0.05984
848.0   0.0598
849.0   0.05978
850.0   0.05974
851.0   0.05974
852.0   0.05968
853.0   0.05968
854.0   0.05964
855.0   0.05962
856.0   0.05964
857.0   0.0596
858.0   0.0596
859.0   0.05958
860.0   0.05956
861.0   0.05954
862.0   0.05952
863.0   0.05952
864.0   0.05954
865.0   0.0595
866.0   0.0595
867.0   0.0595
868.0   0.0595
869.0   0.0595
870.0   0.0595
871.0   0.05948
872.0   0.0595
873.0   0.05954
874.0   0.05952
875.0   0.05952
876.0   0.05948
877.0   0.05952
878.0   0.05952
879.0   0.05952
880.0   0.05952
881.0   0.05954
882.0   0.05956
883.0   0.05958
884.0   0.05956
885.0   0.05958
886.0   0.05958
887.0   0.0596
888.0   0.05962
889.0   0.05964
890.0   0.05964
891.0   0.05964
892.0   0.05964
893.0   0.05968
894.0   0.05972
895.0   0.05972
896.0   0.05974
897.0   0.05974
898.0   0.05978
899.0   0.05978
900.0   0.0598
901.0   0.05982
902.0   0.05986
903.0   0.05986
904.0   0.05988
905.0   0.0599
906.0   0.05992
907.0   0.05994
908.0   0.05996
909.0   0.05998
910.0   0.06002
911.0   0.06004
912.0   0.06004
913.0   0.06008
914.0   0.0601
915.0   0.06012
916.0   0.06012
917.0   0.06014
918.0   0.0602
919.0   0.06022
920.0   0.06022
921.0   0.06022
922.0   0.06028
923.0   0.0603
924.0   0.0603
925.0   0.06032
926.0   0.06038
927.0   0.0604
928.0   0.0604
929.0   0.0604
930.0   0.06046
931.0   0.06048
932.0   0.0605
933.0   0.0605
934.0   0.06054
935.0   0.06056
936.0   0.0606
937.0   0.0606
938.0   0.06064
939.0   0.06066
940.0   0.06068
941.0   0.0607
942.0   0.06074
943.0   0.06074
944.0   0.06078
945.0   0.06078
946.0   0.06084
947.0   0.06084
948.0   0.06086
949.0   0.06088
950.0   0.0609
951.0   0.06094
952.0   0.06094
953.0   0.06098
954.0   0.061
955.0   0.06104
956.0   0.06104
957.0   0.06106
958.0   0.0611
959.0   0.06112
960.0   0.06114
961.0   0.06116
962.0   0.06118
963.0   0.06122
964.0   0.06124
965.0   0.06126
966.0   0.06128
967.0   0.06128
968.0   0.06132
969.0   0.06136
970.0   0.06138
971.0   0.06138
972.0   0.0614
973.0   0.06144
974.0   0.06148
975.0   0.06148
976.0   0.06148
977.0   0.06154
978.0   0.06156
979.0   0.06158
980.0   0.06158
981.0   0.06164
982.0   0.06166
983.0   0.06166
984.0   0.06166
985.0   0.06172
986.0   0.06176
987.0   0.06176
988.0   0.06176
989.0   0.0618
990.0   0.06184
991.0   0.06186
992.0   0.06186
993.0   0.06188
994.0   0.06192
995.0   0.06194
996.0   0.06194
997.0   0.06198
998.0   0.062
999.0   0.06202
1000.0   0.06204