"Input Spectrum" 
 F_nu 
 GRID1D { scale: 1.0, step_size: 1.0, minimum_value: 80.0, maximum_value: 1100.0, snap_precision: 0.01, label: "" } 
 "Input spectrum with the mirror curve applied three times" 
 
 

80.0   0.00025849861400441645
81.0   0.0002553072730907817
82.0   0.0002521937697604063
83.0   0.0002491552906066664
84.0   0.0002461891561946823
85.0   0.00024329281318062723
86.0   0.00024046382698085248
87.0   0.0002376998749465898
88.0   0.00023499874000401492
89.0   0.00023235830472307097
90.0   0.00022977654578170347
91.0   0.00022725152879509138
92.0   0.00022478140348210123
93.0   0.000222364399143584
94.0   0.0002199988204292906
95.0   0.00021768304337214014
96.0   0.000215415511670347
97.0   0.0002131947331995187
98.0   0.00021101927673829914
99.0   0.00020888776889245773
100.0   0.00020679889120353315
101.0   0.00020475137742924075
102.0   0.00020274401098385603
103.0   0.0002007756225277021
104.0   0.00019884508769570496
105.0   0.00019695132495574583
106.0   0.00019509329358823881
107.0   0.00019326999177900295
108.0   0.00019148045481808625
109.0   0.00018972375339773684
110.0   0.00018799899200321195
111.0   0.00020112147371608745
112.0   0.0002129621247065457
113.0   0.00022359950712226093
114.0   0.00022716332345271782
115.0   0.0002269831562123601
116.0   0.0002258339813826365
117.0   0.00023139816067223592
118.0   0.0002388753843131485
119.0   0.00024652660234915466
120.0   0.0002544509782326488
121.0   0.00026245244809918524
122.0   0.0002672990147370466
123.0   0.0002667843744982033
124.0   0.0002661817857330831
125.0   0.0002654215694824788
126.0   0.0002644644986828161
127.0   0.00026356216170808037
128.0   0.00026275905967642694
129.0   0.0002620998517658357
130.0   0.0002616267279067859
131.0   0.0002613851446593296
132.0   0.0002614185251270867
133.0   0.0002617685813100237
134.0   0.0002615974204771766
135.0   0.00026021343493419816
136.0   0.0002587452834592821
137.0   0.0002572686662483868
138.0   0.00025574990326002536
139.0   0.00025411911216869114
140.0   0.0002524871810779323
141.0   0.00025101264326893687
142.0   0.0002495348930705385
143.0   0.0002480539420069522
144.0   0.0002465851957316429
145.0   0.0002451402799608187
146.0   0.00024351271746972714
147.0   0.0002418972454833882
148.0   0.0002402919500094386
149.0   0.00023869910498047818
150.0   0.0002371184598841261
151.0   0.00023558405725907945
152.0   0.00023406092602341847
153.0   0.00023254884314259265
154.0   0.00023104999381065046
155.0   0.00022887119873693239
156.0   0.0002261609169369995
157.0   0.00022354491434787647
158.0   0.00022102929396518574
159.0   0.00021861992851334545
160.0   0.00021632172830615606
161.0   0.00021405847712523634
162.0   0.00021182206309298116
163.0   0.00020962674471390963
164.0   0.00020747313228044843
165.0   0.0002053625298999498
166.0   0.00020320299752805585
167.0   0.0002010912729012156
168.0   0.00019902773698700618
169.0   0.00019701205205847482
170.0   0.0001950452691432266
171.0   0.00019335556369064983
172.0   0.00019170288893192511
173.0   0.00019008718841584513
174.0   0.000188509747577274
175.0   0.00018696914751049096
176.0   0.00018546400961910883
177.0   0.00018399693387182418
178.0   0.0001824733124903524
179.0   0.00018097599629036422
180.0   0.00017951863298666873
181.0   0.0001793995416222024
182.0   0.00017930568455488884
183.0   0.0001792336712912454
184.0   0.0001791846047321083
185.0   0.00017915513641226144
186.0   0.00017905948171742053
187.0   0.00017898473569898682
188.0   0.00017892947388851332
189.0   0.00017889291911240226
190.0   0.0001788730464727328
191.0   0.000178868478506032
192.0   0.00017887847837278276
193.0   0.00017890169148690002
194.0   0.00017893614999174492
195.0   0.00017898114931027556
196.0   0.0001790116860343937
197.0   0.00017905082410561525
198.0   0.0001790984981453742
199.0   0.0001791521631929147
200.0   0.00017921176827718905
201.0   0.00017846073899803832
202.0   0.00017772704289636346
203.0   0.00017701044031879023
204.0   0.00017631069739627321
205.0   0.00017562637357764466
206.0   0.0001749862376499309
207.0   0.0001743368250575575
208.0   0.0001736614698119542
209.0   0.00017300042977664212
210.0   0.00017235292181949123
211.0   0.00017166850207698576
212.0   0.00017099943939705915
213.0   0.00017034494555490356
214.0   0.00016970424653769896
215.0   0.00016907774541185708
216.0   0.00016848669888446367
217.0   0.00016790701677918572
218.0   0.00016733913126586273
219.0   0.00016678175027724082
220.0   0.00016623531412731944
221.0   0.00016567637422076567
222.0   0.00016512771808987223
223.0   0.0001645886551699571
224.0   0.0001640596304343198
225.0   0.0001635399623908961
226.0   0.00016302004625245694
227.0   0.0001625093308259315
228.0   0.00016194617547452732
229.0   0.00016136594400904908
230.0   0.0001607957746007249
231.0   0.0001602284212771727
232.0   0.0001596709405401233
233.0   0.00015912212574606911
234.0   0.00015858241416683713
235.0   0.0001580506175134608
236.0   0.00015752986853845245
237.0   0.0001570162875916771
238.0   0.0001564884268038612
239.0   0.00015593047266537598
240.0   0.00015538091831081166
241.0   0.00015484758521949933
242.0   0.00015432239624898353
243.0   0.00015380420777364985
244.0   0.0001532934601000159
245.0   0.0001527900670038244
246.0   0.00015227267772131747
247.0   0.00015176262553792482
248.0   0.00015126137094632856
249.0   0.0001508093581823359
250.0   0.00015036311422657482
251.0   0.00014991594609604572
252.0   0.0001494744619159657
253.0   0.00014903859848058268
254.0   0.00014860778874672945
255.0   0.0001481824797303851
256.0   0.0001477580963728515
257.0   0.00014733862304718102
258.0   0.00014692400585231952
259.0   0.00014651419175220655
260.0   0.000146108633215243
261.0   0.00014570185173007482
262.0   0.00014529975901111033
263.0   0.0001449018139997848
264.0   0.000144487425298813
265.0   0.00014405918075685646
266.0   0.00014363762143345624
267.0   0.00014322122443385119
268.0   0.0001428089693585717
269.0   0.00014240081168143988
270.0   0.00014199766741185434
271.0   0.00014159326473229785
272.0   0.00014119381048020795
273.0   0.00014079830261356355
274.0   0.00014040669958185846
275.0   0.00014001896045265748
276.0   0.00013963363151712967
277.0   0.00013925209497062026
278.0   0.0001388743115569399
279.0   0.000138499308822766
280.0   0.000138108438102632
281.0   0.00013771900912307294
282.0   0.00013733331753678057
283.0   0.0001369517863233723
284.0   0.0001365734540016236
285.0   0.00013619920448568955
286.0   0.00013582808292923217
287.0   0.00013546051307070287
288.0   0.0001350960049731203
289.0   0.0001347349806148696
290.0   0.0001343774053987777
291.0   0.00013402234440923553
292.0   0.00013367067002878445
293.0   0.0001333219012262464
294.0   0.00013297600908776026
295.0   0.0001326209436170516
296.0   0.00013225811288082712
297.0   0.00013189864716198075
298.0   0.00013154207242301491
299.0   0.0001311892403119731
300.0   0.00013083879886250814
301.0   0.00013049028675662643
302.0   0.00013014455674534208
303.0   0.00012980201686592187
304.0   0.0001294617692846467
305.0   0.00012912465652800621
306.0   0.00012879021772208991
307.0   0.00012845842733052632
308.0   0.00012812926015172088
309.0   0.00012780269131344187
310.0   0.00012747613709384136
311.0   0.00012709856046816048
312.0   0.00012672468147729095
313.0   0.00012635404269035908
314.0   0.000125987034999954
315.0   0.00012562362453289816
316.0   0.00012526335897910303
317.0   0.00012490620907380266
318.0   0.000124552562358844
319.0   0.00012420197146085645
320.0   0.0001238544082637886
321.0   0.0001235090194024096
322.0   0.000123166607846306
323.0   0.00012282714649200673
324.0   0.00012249060858171248
325.0   0.00012215696769798397
326.0   0.00012182579081481171
327.0   0.00012151612904518832
328.0   0.00012121606734499746
329.0   0.00012091826060959393
330.0   0.00012062228619569578
331.0   0.00012032812750148552
332.0   0.00012003616863066004
333.0   0.00011974639023929754
334.0   0.00011945837479629756
335.0   0.00011917250390822139
336.0   0.00011888439895098689
337.0   0.00011857035794603604
338.0   0.00011825936612974113
339.0   0.00011795021798243914
340.0   0.0001176440733632526
341.0   0.00011733934272310223
342.0   0.00011703679325010004
343.0   0.00011673679502160993
344.0   0.00011643893849053752
345.0   0.00011614320531023897
346.0   0.00011583838979361352
347.0   0.00011552571882232462
348.0   0.00011521561467233355
349.0   0.00011490805556986404
350.0   0.00011460263844755493
351.0   0.00011429972566718223
352.0   0.00011399929619840596
353.0   0.0001137009507889445
354.0   0.00011340504939735601
355.0   0.0001131115717059818
356.0   0.00011281974673116366
357.0   0.00011253068395946505
358.0   0.00011224324035793729
359.0   0.00011195814738249981
360.0   0.00011167501428932377
361.0   0.0001113938249765591
362.0   0.00011111419392935336
363.0   0.00011083684554542859
364.0   0.00011056139370286716
365.0   0.00011029185728306984
366.0   0.00011003184887953255
367.0   0.00010977326774218382
368.0   0.00010951683031946134
369.0   0.00010926179344162742
370.0   0.00010900850801348265
371.0   0.0001087565987758396
372.0   0.0001085064151293752
373.0   0.00010825794347624657
374.0   0.0001080111703664975
375.0   0.00010776572459963281
376.0   0.00010752159558662509
377.0   0.00010727948522241622
378.0   0.00010703831203880597
379.0   0.00010679913182349336
380.0   0.00010656122209645764
381.0   0.0001063242200294639
382.0   0.00010608882220553179
383.0   0.00010585501634455446
384.0   0.00010562243994218472
385.0   0.00010539108341981556
386.0   0.00010516128602697987
387.0   0.0001049326880411594
388.0   0.00010470528019020503
389.0   0.00010447836064988426
390.0   0.00010421323092140037
391.0   0.00010394980196797962
392.0   0.0001036884044873958
393.0   0.00010342868019350897
394.0   0.00010317095834193653
395.0   0.00010291522378757219
396.0   0.00010266112128045174
397.0   0.00010240863852597686
398.0   0.00010215776335535879
399.0   0.00010190882147504314
400.0   0.00010166179847915319
401.0   0.00010141567181035381
402.0   0.00010117144057327877
403.0   0.00010092909076442759
404.0   0.00010068794120538714
405.0   0.00010044864871837154
406.0   0.00010021086764542174
407.0   9.997458690957335e-5
408.0   9.973979554465378e-5
409.0   9.950681238500836e-5
410.0   9.927496651969395e-5
411.0   9.904490591864599e-5
412.0   9.881596300229025e-5
413.0   9.858878284900381e-5
414.0   9.83587911770514e-5
415.0   9.812860810829119e-5
416.0   9.790018059009822e-5
417.0   9.767317255798114e-5
418.0   9.744757387556814e-5
419.0   9.72233745053908e-5
420.0   9.700088578531699e-5
421.0   9.67794545736361e-5
422.0   9.655939314774645e-5
423.0   9.634101091519144e-5
424.0   9.612365946288035e-5
425.0   9.590796672292689e-5
426.0   9.56936042694133e-5
427.0   9.548024666228986e-5
428.0   9.526851775889457e-5
429.0   9.505809157803962e-5
430.0   9.484864507250558e-5
431.0   9.464079808873689e-5
432.0   9.443391440898433e-5
433.0   9.422861124024068e-5
434.0   9.402425532366451e-5
435.0   9.382115069010336e-5
436.0   9.361928881602123e-5
437.0   9.341866125795554e-5
438.0   9.321925965160351e-5
439.0   9.302107571092111e-5
440.0   9.28237940403273e-5
441.0   9.262771502344635e-5
442.0   9.243283059267707e-5
443.0   9.223302882519623e-5
444.0   9.201098590700272e-5
445.0   9.179085368333667e-5
446.0   9.15720129411527e-5
447.0   9.135445492667269e-5
448.0   9.113877424600105e-5
449.0   9.092435623426658e-5
450.0   9.071119239810163e-5
451.0   9.049957388245382e-5
452.0   9.028919141573864e-5
453.0   9.008033494004158e-5
454.0   8.987299424562181e-5
455.0   8.96668623741157e-5
456.0   8.94619313158495e-5
457.0   8.925848864448339e-5
458.0   8.905622965879007e-5
459.0   8.885514657354646e-5
460.0   8.865552521118762e-5
461.0   8.84570630857245e-5
462.0   8.825975262899526e-5
463.0   8.806358634015483e-5
464.0   8.786884774300434e-5
465.0   8.767523723852685e-5
466.0   8.748274753362264e-5
467.0   8.729166046044197e-5
468.0   8.710139010630023e-5
469.0   8.691250687224109e-5
470.0   8.67247146675844e-5
471.0   8.653800652411655e-5
472.0   8.635237553457112e-5
473.0   8.616810021020577e-5
474.0   8.598460244148699e-5
475.0   8.580216146734908e-5
476.0   8.562105416891236e-5
477.0   8.543985737373346e-5
478.0   8.52526423483779e-5
479.0   8.506649130867455e-5
480.0   8.488139755068899e-5
481.0   8.469735442809867e-5
482.0   8.451463528325895e-5
483.0   8.433267312496623e-5
484.0   8.415202075127853e-5
485.0   8.397239181791343e-5
486.0   8.379377996687244e-5
487.0   8.361617889421599e-5
488.0   8.343985876063758e-5
489.0   8.326425997017978e-5
490.0   8.308965336809387e-5
491.0   8.291630755311124e-5
492.0   8.274366653213923e-5
493.0   8.257227313704442e-5
494.0   8.240157374423822e-5
495.0   8.223210902884808e-5
496.0   8.206332771158766e-5
497.0   8.189549699929178e-5
498.0   8.172888192982763e-5
499.0   8.156293469443485e-5
500.0   8.139792097639093e-5
501.0   8.123383517328655e-5
502.0   8.107067172913341e-5
503.0   8.090842513390241e-5
504.0   8.074708992306797e-5
505.0   8.058639366887162e-5
506.0   8.042686554129217e-5
507.0   8.026796671657857e-5
508.0   8.010995890808137e-5
509.0   7.995283686423151e-5
510.0   7.97965953764007e-5
511.0   7.964096540357389e-5
512.0   7.948620672334553e-5
513.0   7.933231424566271e-5
514.0   7.91792829218221e-5
515.0   7.902710774406886e-5
516.0   7.887552241336614e-5
517.0   7.871852458031909e-5
518.0   7.855276254751957e-5
519.0   7.838816040325444e-5
520.0   7.822419283379094e-5
521.0   7.80613735783928e-5
522.0   7.789943769520902e-5
523.0   7.773838003503876e-5
524.0   7.757819548970124e-5
525.0   7.741913561264976e-5
526.0   7.726068162178868e-5
527.0   7.71033412644918e-5
528.0   7.694685297927705e-5
529.0   7.67912118647193e-5
530.0   7.663641305807618e-5
531.0   7.648245173492382e-5
532.0   7.63293231087961e-5
533.0   7.617727502363375e-5
534.0   7.6025797089684e-5
535.0   7.58751377199617e-5
536.0   7.572529227629422e-5
537.0   7.557650679431379e-5
538.0   7.542827494974786e-5
539.0   7.528109300946879e-5
540.0   7.513445665089455e-5
541.0   7.498861156869958e-5
542.0   7.484355333699934e-5
543.0   7.469927756415907e-5
544.0   7.455577989247868e-5
545.0   7.441305599788132e-5
546.0   7.427110158960513e-5
547.0   7.412966649794525e-5
548.0   7.39892387819099e-5
549.0   7.384932288120981e-5
550.0   7.371040507774275e-5
551.0   7.357199170801632e-5
552.0   7.343432366167864e-5
553.0   7.329739686633438e-5
554.0   7.316096454671646e-5
555.0   7.302550860535244e-5
556.0   7.289054003594088e-5
557.0   7.275629761599002e-5
558.0   7.262277741908181e-5
559.0   7.248997554849113e-5
560.0   7.235764804677412e-5
561.0   7.222603203301418e-5
562.0   7.209512369176856e-5
563.0   7.196491923628743e-5
564.0   7.182588064699128e-5
565.0   7.167544115676614e-5
566.0   7.152577570149257e-5
567.0   7.137711696517061e-5
568.0   7.122898639880117e-5
569.0   7.108208922176845e-5
570.0   7.09357118870392e-5
571.0   7.0790321823827e-5
572.0   7.064567894915021e-5
573.0   7.050201338106368e-5
574.0   7.035885230772011e-5
575.0   7.021665962715855e-5
576.0   7.007519721452315e-5
577.0   6.993469351439797e-5
578.0   6.979491136922266e-5
579.0   6.965584691542587e-5
580.0   6.951749631763965e-5
581.0   6.937985576845605e-5
582.0   6.924292148818637e-5
583.0   6.910691946531587e-5
584.0   6.89716153716716e-5
585.0   6.883700551525647e-5
586.0   6.87030862308124e-5
587.0   6.856985387959211e-5
588.0   6.843730484913302e-5
589.0   6.830566273775982e-5
590.0   6.817446919620355e-5
591.0   6.804417464406962e-5
592.0   6.791454839283115e-5
593.0   6.778536144312619e-5
594.0   6.765706179378571e-5
595.0   6.752942008210666e-5
596.0   6.740243290363121e-5
597.0   6.727609687821485e-5
598.0   6.715040864982258e-5
599.0   6.702536488632708e-5
600.0   6.690073959775267e-5
601.0   6.677697526044642e-5
602.0   6.665384553129758e-5
603.0   6.653134717184177e-5
604.0   6.640947696654351e-5
605.0   6.628801101417712e-5
606.0   6.616738795050368e-5
607.0   6.604716359687712e-5
608.0   6.592777507605006e-5
609.0   6.580877980408803e-5
610.0   6.569039462529093e-5
611.0   6.557283487221631e-5
612.0   6.545566032578596e-5
613.0   6.533886910076014e-5
614.0   6.522289385426928e-5
615.0   6.510751358693332e-5
616.0   6.499250882004409e-5
617.0   6.487831002313912e-5
618.0   6.476448160733483e-5
619.0   6.465123718831199e-5
620.0   6.453706857996524e-5
621.0   6.440416463082257e-5
622.0   6.427212514631918e-5
623.0   6.414073176696826e-5
624.0   6.401019460882063e-5
625.0   6.388029618208547e-5
626.0   6.37510332416489e-5
627.0   6.362261477411373e-5
628.0   6.349482457491284e-5
629.0   6.336765947013569e-5
630.0   6.324132733230896e-5
631.0   6.311561322299728e-5
632.0   6.299051403774445e-5
633.0   6.286623655017388e-5
634.0   6.274256706919527e-5
635.0   6.261950255810829e-5
636.0   6.24970400007477e-5
637.0   6.237538472666224e-5
638.0   6.225432467767705e-5
639.0   6.213385690322758e-5
640.0   6.201397847261344e-5
641.0   6.189489329694867e-5
642.0   6.177639091948668e-5
643.0   6.165846847305363e-5
644.0   6.154112310969467e-5
645.0   6.142435200052388e-5
646.0   6.130815233557622e-5
647.0   6.119272594214275e-5
648.0   6.107766044892917e-5
649.0   6.096336198065901e-5
650.0   6.08496231878103e-5
651.0   6.0736441357513405e-5
652.0   6.06238137949282e-5
653.0   6.050120979386828e-5
654.0   6.037555527125405e-5
655.0   6.025049821903779e-5
656.0   6.012623698790329e-5
657.0   6.000256658121476e-5
658.0   5.9879684638870757e-5
659.0   5.975738696902898e-5
660.0   5.9635670703722874e-5
661.0   5.951453299375146e-5
662.0   5.9394170071118986e-5
663.0   5.927437932521328e-5
664.0   5.9155157966967156e-5
665.0   5.903670118995887e-5
666.0   5.8918807551138875e-5
667.0   5.880147432016613e-5
668.0   5.86846987844347e-5
669.0   5.856867477250965e-5
670.0   5.845300620319263e-5
671.0   5.8338083110361335e-5
672.0   5.822390179180256e-5
673.0   5.811006835483794e-5
674.0   5.799697076647147e-5
675.0   5.7884410983603056e-5
676.0   5.7772386439613784e-5
677.0   5.766089458440579e-5
678.0   5.7549932884279375e-5
679.0   5.7439691854663176e-5
680.0   5.7329782587715916e-5
681.0   5.7220588326352016e-5
682.0   5.711191357270632e-5
683.0   5.7003755877539674e-5
684.0   5.689611280727104e-5
685.0   5.678898194386223e-5
686.0   5.6682360884703635e-5
687.0   5.657643759178031e-5
688.0   5.6470828665337825e-5
689.0   5.636249771426642e-5
690.0   5.624028881211573e-5
691.0   5.6118642010106055e-5
692.0   5.59977431887582e-5
693.0   5.5877400338102106e-5
694.0   5.5757610784451426e-5
695.0   5.563855938563133e-5
696.0   5.5520242433167864e-5
697.0   5.5402282634953306e-5
698.0   5.528505135492339e-5
699.0   5.516854495252405e-5
700.0   5.505257406140737e-5
701.0   5.4937136135678074e-5
702.0   5.48222286453093e-5
703.0   5.470803378814167e-5
704.0   5.459436366636357e-5
705.0   5.44812158010918e-5
706.0   5.436877141559825e-5
707.0   5.425684369707098e-5
708.0   5.4145430216634084e-5
709.0   5.403471123563791e-5
710.0   5.392450101125541e-5
711.0   5.3814797163510885e-5
712.0   5.3705597327125406e-5
713.0   5.359708049853118e-5
714.0   5.3489062337353394e-5
715.0   5.338154052580688e-5
716.0   5.3274512760367625e-5
717.0   5.316815679392193e-5
718.0   5.306228966333219e-5
719.0   5.295690911120931e-5
720.0   5.28520128940048e-5
721.0   5.27475987819133e-5
722.0   5.2643843001593496e-5
723.0   5.254056427589807e-5
724.0   5.243776041954023e-5
725.0   5.2335429260573484e-5
726.0   5.223356864029879e-5
727.0   5.213217641317208e-5
728.0   5.203142701516546e-5
729.0   5.193114114267721e-5
730.0   5.180879775813181e-5
731.0   5.167664169357006e-5
732.0   5.154507020179164e-5
733.0   5.141425522785932e-5
734.0   5.128401844382331e-5
735.0   5.11545310856408e-5
736.0   5.102561561705441e-5
737.0   5.089726928854212e-5
738.0   5.076948936697518e-5
739.0   5.064261823039917e-5
740.0   5.0516134440055526e-5
741.0   5.039038004907983e-5
742.0   5.02651798496645e-5
743.0   5.014070229496475e-5
744.0   5.001677294114526e-5
745.0   4.9893389179277426e-5
746.0   4.9770548415873084e-5
747.0   4.964841774463747e-5
748.0   4.952699354465937e-5
749.0   4.9406103250489106e-5
750.0   4.928574433755371e-5
751.0   4.916591429615435e-5
752.0   4.9046778555887035e-5
753.0   4.892816602141043e-5
754.0   4.881007423107255e-5
755.0   4.869266763131939e-5
756.0   4.857577621387035e-5
757.0   4.845956377805035e-5
758.0   4.8343695157435346e-5
759.0   4.822850005841301e-5
760.0   4.811397510328989e-5
761.0   4.7999787193932285e-5
762.0   4.7886264068173844e-5
763.0   4.7773238197717754e-5
764.0   4.7660871151604956e-5
765.0   4.754899609821797e-5
766.0   4.743761075822229e-5
767.0   4.7326712865528096e-5
768.0   4.7216462742651885e-5
769.0   4.710669492899194e-5
770.0   4.699740720141037e-5
771.0   4.6888597349644456e-5
772.0   4.67804244696758e-5
773.0   4.667272444865345e-5
774.0   4.6565495118109386e-5
775.0   4.645697053927268e-5
776.0   4.633035894570291e-5
777.0   4.620397758667605e-5
778.0   4.607814453087998e-5
779.0   4.595253936443694e-5
780.0   4.5827478738054414e-5
781.0   4.5702643683194965e-5
782.0   4.5578191600511223e-5
783.0   4.545427847812986e-5
784.0   4.5330587500715104e-5
785.0   4.520743180737491e-5
786.0   4.508449600797183e-5
787.0   4.496193576857151e-5
788.0   4.4839905361937976e-5
789.0   4.471809152121422e-5
790.0   4.459680392136223e-5
791.0   4.447573070097241e-5
792.0   4.435518016258158e-5
793.0   4.423484184243495e-5
794.0   4.411502267804055e-5
795.0   4.4004306699836745e-5
796.0   4.392529138416321e-5
797.0   4.3846330040985955e-5
798.0   4.376757522926246e-5
799.0   4.368887382082499e-5
800.0   4.36103778852646e-5
801.0   4.353208665143068e-5
802.0   4.345399935201882e-5
803.0   4.3375963852904754e-5
804.0   4.32981312523733e-5
805.0   4.32205007926689e-5
806.0   4.3143071719796595e-5
807.0   4.306569288487664e-5
808.0   4.298836426657951e-5
809.0   4.291138567442888e-5
810.0   4.2834456294625914e-5
811.0   4.275772554455074e-5
812.0   4.268119268869041e-5
813.0   4.260470803996612e-5
814.0   4.252842030254721e-5
815.0   4.245232874992235e-5
816.0   4.2385920749914845e-5
817.0   4.2341297182002985e-5
818.0   4.2296783546308636e-5
819.0   4.2252379440196875e-5
820.0   4.220808446299695e-5
821.0   4.21638982159902e-5
822.0   4.2119820302398125e-5
823.0   4.207599744658591e-5
824.0   4.203213485543128e-5
825.0   4.198852621570596e-5
826.0   4.194487738443394e-5
827.0   4.19014814073746e-5
828.0   4.185819110387744e-5
829.0   4.181500609157866e-5
830.0   4.177192598995724e-5
831.0   4.172895042032373e-5
832.0   4.1686079005809355e-5
833.0   4.164345689355328e-5
834.0   4.1600792508342596e-5
835.0   4.1558376366640664e-5
836.0   4.151591752634457e-5
837.0   4.147370587941832e-5
838.0   4.144129414729206e-5
839.0   4.143630529069756e-5
840.0   4.143150464524451e-5
841.0   4.142689186153222e-5
842.0   4.1422466593050266e-5
843.0   4.141822849616309e-5
844.0   4.141417723009482e-5
845.0   4.1410312456914154e-5
846.0   4.140648961795349e-5
847.0   4.140285273460287e-5
848.0   4.139940147579676e-5
849.0   4.139613551326082e-5
850.0   4.1393054521497365e-5
851.0   4.139015817777088e-5
852.0   4.138744616209366e-5
853.0   4.13847743795361e-5
854.0   4.1382430132482927e-5
855.0   4.138012561462277e-5
856.0   4.137800429294798e-5
857.0   4.137606585945869e-5
858.0   4.137431000882455e-5
859.0   4.137273643837094e-5
860.0   4.137120149290066e-5
861.0   4.13699916436543e-5
862.0   4.136881994314587e-5
863.0   4.136782945283693e-5
864.0   4.136701988161863e-5
865.0   4.136639094096335e-5
866.0   4.136594234491169e-5
867.0   4.1365673810059575e-5
868.0   4.1365585055545366e-5
869.0   4.1365532957537926e-5
870.0   4.136580298535046e-5
871.0   4.136610922814222e-5
872.0   4.136659425911218e-5
873.0   4.136725780844503e-5
874.0   4.136809960879811e-5
875.0   4.1369119395289137e-5
876.0   4.1370316905484045e-5
877.0   4.137169187938496e-5
878.0   4.1373101686315284e-5
879.0   4.137483086736536e-5
880.0   4.13765944729726e-5
881.0   4.1378534624419634e-5
882.0   4.138079324710975e-5
883.0   4.1383085695850284e-5
884.0   4.1385553949696305e-5
885.0   4.1388197766286174e-5
886.0   4.141175004573253e-5
887.0   4.1468004650049494e-5
888.0   4.152416082868716e-5
889.0   4.1580360606595174e-5
890.0   4.163660397707624e-5
891.0   4.1692890933463e-5
892.0   4.174907898808819e-5
893.0   4.1805310465736396e-5
894.0   4.186144272970902e-5
895.0   4.191761825433588e-5
896.0   4.197383703294678e-5
897.0   4.203009905890124e-5
898.0   4.208626139818119e-5
899.0   4.2142323821722086e-5
900.0   4.2198429176091866e-5
901.0   4.2254577454616844e-5
902.0   4.231062542806671e-5
903.0   4.236671616485865e-5
904.0   4.242284965833178e-5
905.0   4.24787390158064e-5
906.0   4.253481433916332e-5
907.0   4.259078866293285e-5
908.0   4.2646661761207455e-5
909.0   4.270257714347707e-5
910.0   4.2758534803030115e-5
911.0   4.281439085295866e-5
912.0   4.287144065265852e-5
913.0   4.2930550202502954e-5
914.0   4.298956109364991e-5
915.0   4.304832888970039e-5
916.0   4.310699738416412e-5
917.0   4.316542198700467e-5
918.0   4.3223746652454006e-5
919.0   4.3281682135195444e-5
920.0   4.333966147869188e-5
921.0   4.339725070914421e-5
922.0   4.345473860105173e-5
923.0   4.35119801166543e-5
924.0   4.3569119681502084e-5
925.0   4.362601211216698e-5
926.0   4.368265695958933e-5
927.0   4.373919887818555e-5
928.0   4.3795492470453276e-5
929.0   4.3851682540414416e-5
930.0   4.390747823423434e-5
931.0   4.3963169677405155e-5
932.0   4.401861119450769e-5
933.0   4.40739478838335e-5
934.0   4.412903393344293e-5
935.0   4.4183868920942374e-5
936.0   4.423859815965294e-5
937.0   4.4293075637250516e-5
938.0   4.434730094017389e-5
939.0   4.4401273658412524e-5
940.0   4.4445650073213405e-5
941.0   4.448596953689637e-5
942.0   4.452588014309782e-5
943.0   4.45653815531136e-5
944.0   4.460447343605543e-5
945.0   4.4643155468837354e-5
946.0   4.4681427336162416e-5
947.0   4.4719288730508886e-5
948.0   4.475688559796898e-5
949.0   4.4793925184086775e-5
950.0   4.483069972406432e-5
951.0   4.486691636122507e-5
952.0   4.4902867460275437e-5
953.0   4.4938406453574223e-5
954.0   4.497353308495277e-5
955.0   4.500839353959417e-5
956.0   4.5042841189865194e-5
957.0   4.507672931988115e-5
958.0   4.5110350639566786e-5
959.0   4.514370499373575e-5
960.0   4.517649914390603e-5
961.0   4.520902594868024e-5
962.0   4.5241138684778765e-5
963.0   4.5272983758027564e-5
964.0   4.530441441810617e-5
965.0   4.533543048446723e-5
966.0   4.536603178408941e-5
967.0   4.539636481370834e-5
968.0   4.542628278052478e-5
969.0   4.5442584772839584e-5
970.0   4.54360388348887e-5
971.0   4.542923713802685e-5
972.0   4.542247289562268e-5
973.0   4.5415453195759625e-5
974.0   4.540832465675687e-5
975.0   4.5401087365783385e-5
976.0   4.539359520603125e-5
977.0   4.538599460207141e-5
978.0   4.537843171467658e-5
979.0   4.537061442303618e-5
980.0   4.536268895515796e-5
981.0   4.535450952947895e-5
982.0   4.5346368047258844e-5
983.0   4.533797292359527e-5
984.0   4.532947012227963e-5
985.0   4.5321005337743135e-5
986.0   4.531228739089262e-5
987.0   4.53033165787149e-5
988.0   4.529438399521558e-5
989.0   4.528534420040345e-5
990.0   4.5276052028162586e-5
991.0   4.526679816343339e-5
992.0   4.525729224956238e-5
993.0   4.5247824697057046e-5
994.0   4.523810542598016e-5
995.0   4.522827965629428e-5
996.0   4.521834748551024e-5
997.0   4.520830901155521e-5
998.0   4.519816433277162e-5
999.0   4.5187913547916466e-5
1000.0   4.517668937390168e-5
1001.0   4.515986973401181e-5
1002.0   4.514295109762799e-5
1003.0   4.512607789383037e-5
1004.0   4.510896153624025e-5
1005.0   4.5091890680805544e-5
1006.0   4.507486519418466e-5
1007.0   4.5057596996039354e-5
1008.0   4.5040374237603725e-5
1009.0   4.502305298117259e-5
1010.0   4.5005633347198715e-5
1011.0   4.498825909213434e-5
1012.0   4.497078653222339e-5
1013.0   4.495321578864631e-5
1014.0   4.4935690364985315e-5
1015.0   4.491806683165321e-5
1016.0   4.4900345310552505e-5
1017.0   4.4882525923952e-5
1018.0   4.4864751837733885e-5
1019.0   4.484687996177505e-5
1020.0   4.482905329291401e-5
1021.0   4.481112891086961e-5
1022.0   4.4793106938972024e-5
1023.0   4.477498750091385e-5
1024.0   4.475691325520938e-5
1025.0   4.473874162163519e-5
1026.0   4.472047272458761e-5
1027.0   4.470224896839252e-5
1028.0   4.4683928028263623e-5
1029.0   4.466565213901147e-5
1030.0   4.464727914613969e-5
1031.0   4.46288091750795e-5
1032.0   4.461024235161888e-5
1033.0   4.4591720571297834e-5
1034.0   4.457126014905362e-5
1035.0   4.455028057874528e-5
1036.0   4.452920730304727e-5
1037.0   4.4508181864974043e-5
1038.0   4.4487062807303774e-5
1039.0   4.446599149326217e-5
1040.0   4.4444826646190834e-5
1041.0   4.4423709449649416e-5
1042.0   4.440249880741445e-5
1043.0   4.4381194853477186e-5
1044.0   4.435993850193009e-5
1045.0   4.433872961719939e-5
1046.0   4.431742746384904e-5
1047.0   4.429603217650389e-5
1048.0   4.427468431034879e-5
1049.0   4.425338373080273e-5
1050.0   4.423184982193279e-5
1051.0   4.4210503441340955e-5
1052.0   4.41890640634217e-5
1053.0   4.416753182373367e-5
1054.0   4.414604673983007e-5
1055.0   4.412446888641148e-5
1056.0   4.410293810195184e-5
1057.0   4.4081454253807746e-5
1058.0   4.405987768624024e-5
1059.0   4.403820853572212e-5
1060.0   4.4016586283201044e-5
1061.0   4.399487154214772e-5
1062.0   4.397320361476587e-5
1063.0   4.395158236982391e-5
1064.0   4.392986868982636e-5
1065.0   4.3908062712141334e-5
1066.0   4.388630338210533e-5
1067.0   4.3864590569408804e-5
1068.0   4.38427855147154e-5
1069.0   4.3821026896105954e-5
1070.0   4.379917613300965e-5
1071.0   4.377737172553839e-5
1072.0   4.375547527177697e-5
1073.0   4.3733625093972043e-5
1074.0   4.371168296875525e-5
1075.0   4.368978704061067e-5
1076.0   4.3667799264609094e-5
1077.0   4.364585760757361e-5
1078.0   4.362382420290763e-5
1079.0   4.360183683987377e-5
1080.0   4.357989539131149e-5
1081.0   4.355786225781858e-5
1082.0   4.3535874962830056e-5
1083.0   4.351379608472522e-5
1084.0   4.349176296991343e-5
1085.0   4.3469638374453613e-5
1086.0   4.344755946782556e-5
1087.0   4.3425389183666995e-5
1088.0   4.340340136709907e-5
1089.0   4.3381185335696365e-5
1090.0   4.3359014846597594e-5
1091.0   4.3336889775219114e-5
1092.0   4.3314673498316015e-5
1093.0   4.329250256746527e-5
1094.0   4.327037685894815e-5
1095.0   4.3248160014796637e-5
1096.0   4.32258521761876e-5
1097.0   4.320372560092405e-5
1098.0   4.318137199119628e-5
1099.0   4.315919939943783e-5
1100.0   4.313693585068046e-5