"Input Spectrum" 
 F_nu 
 GRID1D { scale: 1.0, step_size: 1.0, minimum_value: 90.0, maximum_value: 1100.0, snap_precision: 0.01, label: "" } 
 "initial spectrum" 
 
 

90.0   0.0006091642918920621
91.0   0.0006024701787943472
92.0   0.0005959215898944086
93.0   0.0005895138308632859
94.0   0.0005832424071306978
95.0   0.0005771030133714273
96.0   0.0005710915236488083
97.0   0.0005652039821678927
98.0   0.000559436594594751
99.0   0.0005537857199018747
100.0   0.000548247862702856
101.0   0.0005428196660424317
102.0   0.0005374979046106431
103.0   0.0005322794783522873
104.0   0.0005271614064450538
105.0   0.0005221408216217675
106.0   0.000517214964814015
107.0   0.000512381180096127
108.0   0.0005076369099100518
109.0   0.0005029796905530789
110.0   0.0004984071479116872
111.0   0.0004939169934259964
112.0   0.0004895070202704071
113.0   0.00048517509973704064
114.0   0.00048091917780952276
115.0   0.0004767372719155269
116.0   0.0004726274678472896
117.0   0.0004685879168400478
118.0   0.00046461683279903047
119.0   0.0004607124896662655
120.0   0.00045687321891904663
121.0   0.0004530974071924429
122.0   0.00044938349401873437
123.0   0.0004457299696771186
124.0   0.00044213537314746445
125.0   0.0004385982901622847
126.0   0.000435117351351473
127.0   0.00043169123047468973
128.0   0.0004283186427366062
129.0   0.0004249983431805085
130.0   0.000421729125156043
131.0   0.00041850981885714194
132.0   0.000415339289926406
133.0   0.00041221643812244807
134.0   0.0004091401960469074
135.0   0.00040610952792804144
136.0   0.0004031234284579823
137.0   0.00040018092168091674
138.0   0.00039728105992960575
139.0   0.00039442292280781
140.0   0.0003916056162163257
141.0   0.0003888282714204652
142.0   0.0003860900441569408
143.0   0.00038339011377822095
144.0   0.00038072768243253884
145.0   0.0003781019742778317
146.0   0.0003755122347279835
147.0   0.00037295772972983395
148.0   0.00037043774506949725
149.0   0.0003679515857066147
150.0   0.0003654985751352373
151.0   0.00036307805477010324
152.0   0.00036068938335714207
153.0   0.0003583319364070954
154.0   0.00035600510565120513
155.0   0.00035370829851797157
156.0   0.00035144093763003585
157.0   0.0003492024603202904
158.0   0.0003469923181663645
159.0   0.0003448099765426767
160.0   0.00034265491418928494
161.0   0.0003405266227968049
162.0   0.0003384246066067012
163.0   0.000336348382026292
164.0   0.000334297477257839
165.0   0.0003322714319411248
166.0   0.00033026979680894934
167.0   0.0003282921333550036
168.0   0.0003263380135136047
169.0   0.00032440701935080235
170.0   0.00032249874276638583
171.0   0.0003206127852063485
172.0   0.00031874875738538135
173.0   0.0003169062790189919
174.0   0.0003150849785648597
175.0   0.00031328449297306053
176.0   0.0003115044674448045
177.0   0.00030974455519935365
178.0   0.0003080044172487955
179.0   0.0003062837221803664
180.0   0.00030458214594603105
181.0   0.0003028993716590364
182.0   0.0003012350893971736
183.0   0.0002995889960124896
184.0   0.0002979607949472043
185.0   0.0002963501960555978
186.0   0.00029475691543164295
187.0   0.00029318067524216896
188.0   0.0002916212035653489
189.0   0.0002900782342343153
190.0   0.00028855150668571363
191.0   0.00028704076581301355
192.0   0.00028554576182440413
193.0   0.0002840662501051067
194.0   0.00028260199108394636
195.0   0.0002811527501040287
196.0   0.0002797182972973755
197.0   0.00027829840746337864
198.0   0.00027689285995093733
199.0   0.0002755014385441487
200.0   0.000274123931351428
201.0   0.0002727601306979383
202.0   0.0002714098330212158
203.0   0.0002700728387698798
204.0   0.00026874895230532154
205.0   0.0002674379818062712
206.0   0.00026613973917614367
207.0   0.0002648540399530705
208.0   0.0002635807032225269
209.0   0.00026231955153246695
210.0   0.00026107041081088376
211.0   0.0002598331102857137
212.0   0.0002586074824070075
213.0   0.0002573933627712939
214.0   0.0002561905900480635
215.0   0.0002549990059083051
216.0   0.0002538184549550259
217.0   0.000252648784655694
218.0   0.00025148984527653944
219.0   0.0002503414898186557
220.0   0.0002492035739558436
221.0   0.00024807595597414294
222.0   0.0002469584967129982
223.0   0.00024585105950800714
224.0   0.00024475351013520356
225.0   0.00024366571675682485
226.0   0.00024258754986852032
227.0   0.00024151888224795416
228.0   0.00024045958890476138
229.0   0.0002394095470318148
230.0   0.00023836863595776345
231.0   0.00023733673710080343
232.0   0.0002363137339236448
233.0   0.00023529951188963773
234.0   0.0002342939584200239
235.0   0.0002332969628522791
236.0   0.00023230841639951524
237.0   0.00023132821211090967
238.0   0.00023035624483313275
239.0   0.00022939241117274307
240.0   0.00022843660945952331
241.0   0.0002274887397107286
242.0   0.00022654870359622146
243.0   0.00022561640440446745
244.0   0.00022469174700936719
245.0   0.00022377463783790038
246.0   0.0002228649848385593
247.0   0.00022196269745054895
248.0   0.00022106768657373222
249.0   0.00022017986453929956
250.0   0.00021929914508114236
251.0   0.00021842544330791074
252.0   0.0002175586756757365
253.0   0.00021669875996160315
254.0   0.00021584561523734487
255.0   0.00021499916184425724
256.0   0.0002141593213683031
257.0   0.00021332601661589725
258.0   0.00021249917159025424
259.0   0.00021167871146828414
260.0   0.0002108645625780215
261.0   0.00021005665237657314
262.0   0.00020925490942857097
263.0   0.00020845926338511632
264.0   0.000207669644963203
265.0   0.00020688598592560602
266.0   0.00020610821906122403
267.0   0.00020533627816586363
268.0   0.0002045700980234537
269.0   0.00020380961438767878
270.0   0.00020305476396402072
271.0   0.00020230548439219775
272.0   0.00020156171422899114
273.0   0.00020082339293144905
274.0   0.00020009046084045837
275.0   0.0001993628591646749
276.0   0.00019864052996480287
277.0   0.00019792341613821514
278.0   0.000197211461403905
279.0   0.000196504610287762
280.0   0.00019580280810816284
281.0   0.00019510600096187043
282.0   0.0001944141357102326
283.0   0.00019372715996567348
284.0   0.0001930450220784704
285.0   0.0001923676711238091
286.0   0.00019169505688911047
287.0   0.00019102712986162227
288.0   0.00019036384121626942
289.0   0.00018970514280375637
290.0   0.00018905098713891584
291.0   0.00018840132738929757
292.0   0.00018775611736399176
293.0   0.0001871153115026812
294.0   0.00018647886486491697
295.0   0.00018584673311961217
296.0   0.00018521887253474862
297.0   0.00018459523996729155
298.0   0.00018397579285330735
299.0   0.00018336048919827957
300.0   0.00018274928756761865
301.0   0.00018214214707736078
302.0   0.00018153902738505162
303.0   0.00018093988868081055
304.0   0.00018034469167857103
305.0   0.00017975339760749375
306.0   0.0001791659682035477
307.0   0.000178582365701256
308.0   0.00017800255282560256
309.0   0.00017742649278409576
310.0   0.00017685414925898578
311.0   0.00017628548639963214
312.0   0.00017572046881501793
313.0   0.00017515906156640763
314.0   0.0001746012301601452
315.0   0.00017404694054058917
316.0   0.00017349615908318226
317.0   0.0001729488525876517
318.0   0.00017240498827133835
319.0   0.00017186453376265076
320.0   0.00017132745709464247
321.0   0.00017079372669870902
322.0   0.00017026331139840246
323.0   0.00016973618040336098
324.0   0.0001692123033033506
325.0   0.0001686916500624172
326.0   0.000168174191013146
327.0   0.00016765989685102627
328.0   0.0001671487386289195
329.0   0.00016664068775162794
330.0   0.0001661357159705624
331.0   0.00016563379537850632
332.0   0.00016513489840447467
333.0   0.00016463899780866544
334.0   0.0001641460666775018
335.0   0.00016365607841876297
336.0   0.00016316900675680235
337.0   0.00016268482572785042
338.0   0.00016220350967540117
339.0   0.0001617250332456802
340.0   0.00016124937138319292
341.0   0.0001607764993263507
342.0   0.00016030639260317426
343.0   0.0001598390270270717
344.0   0.00015937437869269067
345.0   0.0001589124239718423
346.0   0.00015845313950949594
347.0   0.0001579965022198432
348.0   0.00015754248928242986
349.0   0.00015709107813835412
350.0   0.00015664224648653027
351.0   0.00015619597228001594
352.0   0.00015575223372240224
353.0   0.00015531100926426513
354.0   0.00015487227759967682
355.0   0.0001544360176627763
356.0   0.00015400220862439774
357.0   0.00015357082988875516
358.0   0.0001531418610901832
359.0   0.00015271528208993202
360.0   0.00015229107297301552
361.0   0.00015186921404511245
362.0   0.0001514496858295182
363.0   0.00015103246906414763
364.0   0.0001506175446985868
365.0   0.0001502048938911934
366.0   0.0001497944980062448
367.0   0.0001493863386111324
368.0   0.00014898039747360215
369.0   0.00014857665655903954
370.0   0.0001481750980277989
371.0   0.0001477757042325757
372.0   0.00014737845771582147
373.0   0.00014698334120719997
374.0   0.00014659033762108448
375.0   0.00014619943005409492
376.0   0.00014581060178267446
377.0   0.0001454238362607045
378.0   0.00014503911711715765
379.0   0.00014465642815378785
380.0   0.00014427575334285682
381.0   0.00014389707682489658
382.0   0.00014352038290650678
383.0   0.00014314565605818693
384.0   0.00014277288091220206
385.0   0.00014240204226048206
386.0   0.00014203312505255334
387.0   0.00014166611439350282
388.0   0.00014130099554197318
389.0   0.00014093775390818918
390.0   0.00014057637505201435
391.0   0.00014021684468103733
392.0   0.00013985914864868775
393.0   0.00013950327295238064
394.0   0.00013914920373168932
395.0   0.0001387969272665458
396.0   0.00013844642997546866
397.0   0.0001380976984138176
398.0   0.00013775071927207434
399.0   0.00013740547937414935
400.0   0.000137061965675714
401.0   0.00013672016526255758
402.0   0.00013638006534896915
403.0   0.00013604165327614292
404.0   0.0001357049165106079
405.0   0.00013536984264268047
406.0   0.0001350364193849399
407.0   0.00013470463457072626
408.0   0.00013437447615266077
409.0   0.00013404593220118726
410.0   0.0001337189909031356
411.0   0.00013339364056030558
412.0   0.00013306986958807183
413.0   0.0001327476665140087
414.0   0.00013242701997653525
415.0   0.00013210791872357973
416.0   0.00013179035161126344
417.0   0.00013147430760260335
418.0   0.00013115977576623347
419.0   0.0001308467452751446
420.0   0.00013053520540544188
421.0   0.00013022514553512018
422.0   0.00012991655514285686
423.0   0.00012960942380682173
424.0   0.00012930374120350376
425.0   0.00012899949710655433
426.0   0.00012869668138564694
427.0   0.0001283952840053527
428.0   0.00012809529502403176
429.0   0.0001277967045927403
430.0   0.00012749950295415255
431.0   0.0001272036804414979
432.0   0.00012690922747751296
433.0   0.00012661613457340783
434.0   0.000126324392327847
435.0   0.0001260339914259439
436.0   0.00012574492263826972
437.0   0.0001254571768198755
438.0   0.00012517074490932785
439.0   0.0001248856179277576
440.0   0.0001246017869779218
441.0   0.000124319243243278
442.0   0.00012403797798707147
443.0   0.00012375798255143475
444.0   0.0001234792483564991
445.0   0.00012320176689951818
446.0   0.00012292552975400357
447.0   0.00012265052856887156
448.0   0.00012237675506760178
449.0   0.00012210420104740666
450.0   0.00012183285837841243
451.0   0.00012156271900285054
452.0   0.00012129377493426016
453.0   0.00012102601825670109
454.0   0.00012075944112397708
455.0   0.00012049403575886943
456.0   0.00012022979445238069
457.0   0.00011996670956298817
458.0   0.0001197047735159074
459.0   0.00011944397880236513
460.0   0.00011918431797888173
461.0   0.00011892578366656311
462.0   0.00011866836855040171
463.0   0.0001184120653785866
464.0   0.0001181568669618224
465.0   0.00011790276617265719
466.0   0.00011764975594481887
467.0   0.00011739782927256015
468.0   0.00011714697921001195
469.0   0.00011689719887054498
470.0   0.00011664848142613955
471.0   0.00011640082010676346
472.0   0.00011615420819975762
473.0   0.00011590863904922958
474.0   0.00011566410605545483
475.0   0.00011542060267428545
476.0   0.00011517812241656637
477.0   0.00011493665884755889
478.0   0.00011469620558637154
479.0   0.0001144567563053979
480.0   0.00011421830472976166
481.0   0.00011398084463676838
482.0   0.0001137443698553643
483.0   0.00011350887426560164
484.0   0.00011327435179811073
485.0   0.00011304079643357854
486.0   0.00011280820220223372
487.0   0.00011257656318333798
488.0   0.00011234587350468359
489.0   0.00011211612734209732
490.0   0.00011188731891895019
491.0   0.00011165944250567331
492.0   0.00011143249241927965
493.0   0.00011120646302289167
494.0   0.00011098134872527447
495.0   0.00011075714398037493
496.0   0.00011053384328686611
497.0   0.00011031144118769737
498.0   0.00011008993226964978
499.0   0.00010986931116289698
500.0   0.00010964957254057118
501.0   0.00010943071111833452
502.0   0.00010921272165395537
503.0   0.00010899559894688984
504.0   0.00010877933783786825
505.0   0.00010856393320848633
506.0   0.00010834937998080157
507.0   0.0001081356731169341
508.0   0.00010792280761867243
509.0   0.00010771077852708369
510.0   0.00010749958092212862
511.0   0.00010728920992228101
512.0   0.00010707966068415155
513.0   0.00010687092840211617
514.0   0.00010666300830794863
515.0   0.00010645589567045746
516.0   0.00010624958579512712
517.0   0.00010604407402376324
518.0   0.00010583935573414207
519.0   0.00010563542633966396
520.0   0.00010543228128901075
521.0   0.00010522991606580728
522.0   0.00010502832618828657
523.0   0.00010482750720895907
524.0   0.00010462745471428548
525.0   0.0001044281643243535
526.0   0.00010422963169255816
527.0   0.00010403185250528576
528.0   0.0001038348224816015
529.0   0.00010363853737294063
530.0   0.00010344299296280301
531.0   0.00010324818506645122
532.0   0.00010305410953061202
533.0   0.00010286076223318122
534.0   0.00010266813908293182
535.0   0.0001024762360192254
536.0   0.00010228504901172685
537.0   0.00010209457406012215
538.0   0.00010190480719383939
539.0   0.0001017157444717729
540.0   0.00010152738198201036
541.0   0.00010133971584156301
542.0   0.00010115274219609887
543.0   0.0001009664572196788
544.0   0.00010078085711449557
545.0   0.00010059593811061577
546.0   0.00010041169646572453
547.0   0.00010022812846487311
548.0   0.00010004523042022918
549.0   9.986299867082986e-5
550.0   9.968142958233745e-5
551.0   9.950051954679782e-5
552.0   9.932026498240144e-5
553.0   9.914066233324701e-5
554.0   9.896170806910757e-5
555.0   9.878339868519927e-5
556.0   9.86057307019525e-5
557.0   9.842870066478562e-5
558.0   9.8252305143881e-5
559.0   9.807654073396349e-5
560.0   9.790140405408142e-5
561.0   9.772689174738965e-5
562.0   9.755300048093522e-5
563.0   9.73797269454451e-5
564.0   9.72070678551163e-5
565.0   9.703501994740813e-5
566.0   9.686357998283674e-5
567.0   9.669274474477177e-5
568.0   9.65225110392352e-5
569.0   9.635287569470227e-5
570.0   9.618383556190455e-5
571.0   9.601538751363501e-5
572.0   9.584752844455524e-5
573.0   9.568025527100452e-5
574.0   9.551356493081113e-5
575.0   9.534745438310538e-5
576.0   9.518192060813471e-5
577.0   9.501696060708075e-5
578.0   9.485257140187818e-5
579.0   9.468875003503557e-5
580.0   9.452549356945792e-5
581.0   9.436279908827125e-5
582.0   9.420066369464879e-5
583.0   9.40390845116391e-5
584.0   9.387805868199588e-5
585.0   9.371758336800956e-5
586.0   9.35576557513406e-5
587.0   9.33982730328545e-5
588.0   9.323943243245849e-5
589.0   9.308113118893989e-5
590.0   9.292336655980609e-5
591.0   9.276613582112621e-5
592.0   9.260943626737431e-5
593.0   9.245326521127418e-5
594.0   9.229761998364578e-5
595.0   9.21424979332531e-5
596.0   9.198789642665368e-5
597.0   9.183381284804957e-5
598.0   9.168024459913979e-5
599.0   9.152718909897428e-5
600.0   9.137464378380933e-5
601.0   9.122260610696438e-5
602.0   9.107107353868039e-5
603.0   9.092004356597943e-5
604.0   9.076951369252581e-5
605.0   9.061948143848858e-5
606.0   9.046994434040528e-5
607.0   9.03208999510471e-5
608.0   9.017234583928552e-5
609.0   9.002427958995993e-5
610.0   8.987669880374687e-5
611.0   8.972960109703043e-5
612.0   8.958298410177385e-5
613.0   8.943684546539248e-5
614.0   8.9291182850628e-5
615.0   8.914599393542373e-5
616.0   8.900127641280128e-5
617.0   8.88570279907384e-5
618.0   8.871324639204788e-5
619.0   8.856992935425783e-5
620.0   8.842707462949289e-5
621.0   8.828467998435684e-5
622.0   8.814274319981607e-5
623.0   8.800126207108442e-5
624.0   8.786023440750896e-5
625.0   8.771965803245695e-5
626.0   8.757953078320382e-5
627.0   8.743985051082232e-5
628.0   8.73006150800726e-5
629.0   8.716182236929347e-5
630.0   8.702347027029459e-5
631.0   8.688555668824976e-5
632.0   8.674807954159113e-5
633.0   8.661103676190457e-5
634.0   8.647442629382585e-5
635.0   8.633824609493794e-5
636.0   8.620249413566918e-5
637.0   8.606716839919246e-5
638.0   8.593226688132538e-5
639.0   8.579778759043129e-5
640.0   8.566372854732124e-5
641.0   8.553008778515693e-5
642.0   8.539686334935451e-5
643.0   8.526405329748925e-5
644.0   8.513165569920123e-5
645.0   8.499966863610169e-5
646.0   8.486809020168049e-5
647.0   8.473691850121421e-5
648.0   8.46061516516753e-5
649.0   8.44757877816419e-5
650.0   8.43458250312086e-5
651.0   8.421626155189799e-5
652.0   8.4087095506573e-5
653.0   8.395832506935007e-5
654.0   8.382994842551313e-5
655.0   8.370196377142839e-5
656.0   8.357436931445975e-5
657.0   8.344716327288523e-5
658.0   8.332034387581397e-5
659.0   8.319390936310409e-5
660.0   8.30678579852812e-5
661.0   8.294218800345778e-5
662.0   8.281689768925316e-5
663.0   8.269198532471431e-5
664.0   8.256744920223733e-5
665.0   8.244328762448961e-5
666.0   8.231949890433272e-5
667.0   8.219608136474602e-5
668.0   8.20730333387509e-5
669.0   8.195035316933571e-5
670.0   8.182803920938149e-5
671.0   8.170608982158807e-5
672.0   8.158450337840117e-5
673.0   8.146327826193995e-5
674.0   8.134241286392521e-5
675.0   8.122190558560828e-5
676.0   8.110175483770059e-5
677.0   8.098195904030368e-5
678.0   8.08625166228401e-5
679.0   8.074342602398467e-5
680.0   8.062468569159646e-5
681.0   8.050629408265138e-5
682.0   8.038824966317535e-5
683.0   8.027055090817803e-5
684.0   8.015319630158713e-5
685.0   8.003618433618335e-5
686.0   7.991951351353584e-5
687.0   7.980318234393827e-5
688.0   7.968718934634534e-5
689.0   7.957153304831e-5
690.0   7.945621198592115e-5
691.0   7.934122470374182e-5
692.0   7.922656975474797e-5
693.0   7.911224570026781e-5
694.0   7.89982511099216e-5
695.0   7.888458456156201e-5
696.0   7.877124464121493e-5
697.0   7.865822994302094e-5
698.0   7.854553906917706e-5
699.0   7.843317062987924e-5
700.0   7.832112324326513e-5
701.0   7.820939553535747e-5
702.0   7.809798614000797e-5
703.0   7.798689369884153e-5
704.0   7.787611686120112e-5
705.0   7.776565428409304e-5
706.0   7.765550463213256e-5
707.0   7.754566657749023e-5
708.0   7.743613879983841e-5
709.0   7.732691998629844e-5
710.0   7.721800883138815e-5
711.0   7.710940403696989e-5
712.0   7.700110431219887e-5
713.0   7.689310837347209e-5
714.0   7.678541494437758e-5
715.0   7.667802275564418e-5
716.0   7.65709305450916e-5
717.0   7.646413705758103e-5
718.0   7.635764104496601e-5
719.0   7.625144126604394e-5
720.0   7.614553648650776e-5
721.0   7.603992547889818e-5
722.0   7.593460702255623e-5
723.0   7.58295799035762e-5
724.0   7.57248429147591e-5
725.0   7.562039485556633e-5
726.0   7.551623453207382e-5
727.0   7.541236075692653e-5
728.0   7.53087723492934e-5
729.0   7.520546813482249e-5
730.0   7.51024469455967e-5
731.0   7.499970762008973e-5
732.0   7.48972490031224e-5
733.0   7.479506994581936e-5
734.0   7.46931693055662e-5
735.0   7.45915459459668e-5
736.0   7.449019873680108e-5
737.0   7.438912655398316e-5
738.0   7.428832827951977e-5
739.0   7.4187802801469e-5
740.0   7.408754901389944e-5
741.0   7.398756581684965e-5
742.0   7.388785211628786e-5
743.0   7.378840682407213e-5
744.0   7.368922885791074e-5
745.0   7.359031714132295e-5
746.0   7.349167060359999e-5
747.0   7.339328817976653e-5
748.0   7.329516881054224e-5
749.0   7.319731144230386e-5
750.0   7.309971502704746e-5
751.0   7.300237852235099e-5
752.0   7.290530089133723e-5
753.0   7.280848110263691e-5
754.0   7.271191813035225e-5
755.0   7.261561095402066e-5
756.0   7.251955855857883e-5
757.0   7.242375993432708e-5
758.0   7.232821407689392e-5
759.0   7.223291998720104e-5
760.0   7.213787667142841e-5
761.0   7.204308314097975e-5
762.0   7.194853841244829e-5
763.0   7.185424150758268e-5
764.0   7.176019145325339e-5
765.0   7.166638728141908e-5
766.0   7.157282802909346e-5
767.0   7.147951273831238e-5
768.0   7.138644045610103e-5
769.0   7.12936102344416e-5
770.0   7.120102113024103e-5
771.0   7.110867220529908e-5
772.0   7.101656252627667e-5
773.0   7.092469116466442e-5
774.0   7.083305719675141e-5
775.0   7.074165970359432e-5
776.0   7.065049777098659e-5
777.0   7.055957048942805e-5
778.0   7.046887695409459e-5
779.0   7.037841626480821e-5
780.0   7.028818752600718e-5
781.0   7.019818984671651e-5
782.0   7.010842234051866e-5
783.0   7.001888412552439e-5
784.0   6.992957432434388e-5
785.0   6.984049206405807e-5
786.0   6.975163647619032e-5
787.0   6.9663006696678e-5
788.0   6.957460186584466e-5
789.0   6.94864211283721e-5
790.0   6.93984636332729e-5
791.0   6.931072853386296e-5
792.0   6.922321498773433e-5
793.0   6.913592215672836e-5
794.0   6.90488492069088e-5
795.0   6.896199530853534e-5
796.0   6.887535963603717e-5
797.0   6.878894136798695e-5
798.0   6.870273968707467e-5
799.0   6.861675378008209e-5
800.0   6.8530982837857e-5
801.0   6.844542605528788e-5
802.0   6.836008263127879e-5
803.0   6.827495176872428e-5
804.0   6.819003267448457e-5
805.0   6.810532455936098e-5
806.0   6.802082663807146e-5
807.0   6.793653812922626e-5
808.0   6.785245825530396e-5
809.0   6.776858624262743e-5
810.0   6.768492132134023e-5
811.0   6.760146272538297e-5
812.0   6.751820969246994e-5
813.0   6.743516146406592e-5
814.0   6.735231728536313e-5
815.0   6.726967640525839e-5
816.0   6.718723807633038e-5
817.0   6.710500155481712e-5
818.0   6.702296610059363e-5
819.0   6.694113097714968e-5
820.0   6.68594954515678e-5
821.0   6.677805879450133e-5
822.0   6.669682028015279e-5
823.0   6.661577918625223e-5
824.0   6.653493479403592e-5
825.0   6.645428638822495e-5
826.0   6.637383325700435e-5
827.0   6.629357469200192e-5
828.0   6.621350998826762e-5
829.0   6.613363844425283e-5
830.0   6.605395936178987e-5
831.0   6.597447204607171e-5
832.0   6.589517580563172e-5
833.0   6.581606995232365e-5
834.0   6.573715380130168e-5
835.0   6.565842667100071e-5
836.0   6.557988788311674e-5
837.0   6.550153676258732e-5
838.0   6.54233726375723e-5
839.0   6.534539483943455e-5
840.0   6.526760270272094e-5
841.0   6.518999556514339e-5
842.0   6.511257276756009e-5
843.0   6.503533365395682e-5
844.0   6.495827757142843e-5
845.0   6.488140387016046e-5
846.0   6.480471190341087e-5
847.0   6.472820102749185e-5
848.0   6.465187060175188e-5
849.0   6.457571998855783e-5
850.0   6.449974855327716e-5
851.0   6.442395566426039e-5
852.0   6.434834069282347e-5
853.0   6.427290301323047e-5
854.0   6.419764200267634e-5
855.0   6.41225570412697e-5
856.0   6.404764751201588e-5
857.0   6.39729128008e-5
858.0   6.389835229637015e-5
859.0   6.382396539032083e-5
860.0   6.374975147707627e-5
861.0   6.36757099538741e-5
862.0   6.360184022074895e-5
863.0   6.352814168051632e-5
864.0   6.345461373875648e-5
865.0   6.338125580379837e-5
866.0   6.330806728670392e-5
867.0   6.323504760125212e-5
868.0   6.31621961639235e-5
869.0   6.308951239388446e-5
870.0   6.301699571297195e-5
871.0   6.294464554567807e-5
872.0   6.287246131913486e-5
873.0   6.28004424630992e-5
874.0   6.272858840993774e-5
875.0   6.265689859461211e-5
876.0   6.258537245466392e-5
877.0   6.251400943020022e-5
878.0   6.24428089638788e-5
879.0   6.237177050089374e-5
880.0   6.23008934889609e-5
881.0   6.223017737830374e-5
882.0   6.2159621621639e-5
883.0   6.208922567416262e-5
884.0   6.201898899353574e-5
885.0   6.194891103987072e-5
886.0   6.187899127571737e-5
887.0   6.180922916604915e-5
888.0   6.173962417824955e-5
889.0   6.167017578209852e-5
890.0   6.160088344975909e-5
891.0   6.153174665576385e-5
892.0   6.146276487700178e-5
893.0   6.139393759270503e-5
894.0   6.132526428443578e-5
895.0   6.125674443607329e-5
896.0   6.118837753380089e-5
897.0   6.112016306609319e-5
898.0   6.105210052370333e-5
899.0   6.098418939965027e-5
900.0   6.091642918920621e-5
901.0   6.084881938988412e-5
902.0   6.078135950142527e-5
903.0   6.0714049025786924e-5
904.0   6.064688746713008e-5
905.0   6.057987433180728e-5
906.0   6.051300912835054e-5
907.0   6.044629136745931e-5
908.0   6.037972056198854e-5
909.0   6.031329622693684e-5
910.0   6.0247017879434716e-5
911.0   6.0180885038732815e-5
912.0   6.0114897226190344e-5
913.0   6.004905396526352e-5
914.0   5.9983354781494085e-5
915.0   5.991779920249792e-5
916.0   5.98523867579537e-5
917.0   5.9787116979591705e-5
918.0   5.9721989401182565e-5
919.0   5.965700355852622e-5
920.0   5.959215898944086e-5
921.0   5.9527455233752e-5
922.0   5.9462891833281555e-5
923.0   5.9398468331837046e-5
924.0   5.933418427520086e-5
925.0   5.927003921111956e-5
926.0   5.92060326892933e-5
927.0   5.9142164261365256e-5
928.0   5.90784334809112e-5
929.0   5.9014839903429054e-5
930.0   5.8951383086328595e-5
931.0   5.888806258892115e-5
932.0   5.882487797240943e-5
933.0   5.8761828799877377e-5
934.0   5.869891463628008e-5
935.0   5.8636135048433786e-5
936.0   5.8573489605005975e-5
937.0   5.851097787650544e-5
938.0   5.844859943527249e-5
939.0   5.838635385546922e-5
940.0   5.8324240713069776e-5
941.0   5.826225958585079e-5
942.0   5.820041005338173e-5
943.0   5.813869169701547e-5
944.0   5.807710409987881e-5
945.0   5.801564684686306e-5
946.0   5.795431952461479e-5
947.0   5.78931217215265e-5
948.0   5.7832053027727416e-5
949.0   5.777111303507439e-5
950.0   5.7710301337142726e-5
951.0   5.764961752921724e-5
952.0   5.7589061208283186e-5
953.0   5.752863197301741e-5
954.0   5.7468329423779446e-5
955.0   5.7408153162602714e-5
956.0   5.734810279318577e-5
957.0   5.728817792088359e-5
958.0   5.722837815269895e-5
959.0   5.716870309727382e-5
960.0   5.710915236488083e-5
961.0   5.7049725567414766e-5
962.0   5.699042231838419e-5
963.0   5.6931242232903e-5
964.0   5.687218492768215e-5
965.0   5.681325002102134e-5
966.0   5.675443713280082e-5
967.0   5.669574588447321e-5
968.0   5.6637175899055365e-5
969.0   5.6578726801120325e-5
970.0   5.652039821678927e-5
971.0   5.646218977372357e-5
972.0   5.640410110111686e-5
973.0   5.6346131829687146e-5
974.0   5.628828159166899e-5
975.0   5.623055002080574e-5
976.0   5.6172936752341796e-5
977.0   5.6115441423014936e-5
978.0   5.605806367104866e-5
979.0   5.600080313614463e-5
980.0   5.5943659459475095e-5
981.0   5.588663228367543e-5
982.0   5.5829721252836654e-5
983.0   5.577292601249806e-5
984.0   5.571624620963983e-5
985.0   5.565968149267573e-5
986.0   5.5603231511445834e-5
987.0   5.554689591720932e-5
988.0   5.549067436263724e-5
989.0   5.543456650180545e-5
990.0   5.5378571990187464e-5
991.0   5.532269048464742e-5
992.0   5.5266921643433056e-5
993.0   5.521126512616877e-5
994.0   5.5155720593848686e-5
995.0   5.510028770882974e-5
996.0   5.504496613482489e-5
997.0   5.498975553689628e-5
998.0   5.493465558144849e-5
999.0   5.487966593622182e-5
1000.0   5.482478627028559e-5
1001.0   5.477001625403156e-5
1002.0   5.471535555916726e-5
1003.0   5.4660803858709464e-5
1004.0   5.4606360826977684e-5
1005.0   5.4552026139587655e-5
1006.0   5.449779947344492e-5
1007.0   5.4443680506738423e-5
1008.0   5.438966891893412e-5
1009.0   5.433576439076867e-5
1010.0   5.4281966604243164e-5
1011.0   5.422827524261681e-5
1012.0   5.4174689990400787e-5
1013.0   5.4121210533352015e-5
1014.0   5.406783655846705e-5
1015.0   5.4014567753975955e-5
1016.0   5.3961403809336216e-5
1017.0   5.390834441522674e-5
1018.0   5.385538926354184e-5
1019.0   5.3802538047385275e-5
1020.0   5.374979046106431e-5
1021.0   5.369714620008383e-5
1022.0   5.3644604961140505e-5
1023.0   5.35921664421169e-5
1024.0   5.3539830342075774e-5
1025.0   5.3487596361254234e-5
1026.0   5.3435464201058085e-5
1027.0   5.338343356405608e-5
1028.0   5.3331504153974313e-5
1029.0   5.3279675675690565e-5
1030.0   5.322794783522873e-5
1031.0   5.3176320339753246e-5
1032.0   5.312479289756356e-5
1033.0   5.3073365218088666e-5
1034.0   5.302203701188162e-5
1035.0   5.29708079906141e-5
1036.0   5.2919677867071034e-5
1037.0   5.286864635514522e-5
1038.0   5.281771316983198e-5
1039.0   5.276687802722386e-5
1040.0   5.2716140644505375e-5
1041.0   5.2665500739947734e-5
1042.0   5.261495803290364e-5
1043.0   5.2564512243802104e-5
1044.0   5.2514163094143285e-5
1045.0   5.246391030649339e-5
1046.0   5.2413753604479534e-5
1047.0   5.236369271278471e-5
1048.0   5.231372735714274e-5
1049.0   5.226385726433326e-5
1050.0   5.221408216217675e-5
1051.0   5.2164401779529586e-5
1052.0   5.211481584627908e-5
1053.0   5.206532409333864e-5
1054.0   5.201592625264288e-5
1055.0   5.1966622057142745e-5
1056.0   5.191741124080075e-5
1057.0   5.186829353858618e-5
1058.0   5.1819268686470316e-5
1059.0   5.1770336421421714e-5
1060.0   5.1721496481401504e-5
1061.0   5.167274860535871e-5
1062.0   5.162409253322561e-5
1063.0   5.157552800591307e-5
1064.0   5.152705476530601e-5
1065.0   5.147867255425877e-5
1066.0   5.143038111659061e-5
1067.0   5.138218019708116e-5
1068.0   5.133406954146591e-5
1069.0   5.12860488964318e-5
1070.0   5.12381180096127e-5
1071.0   5.119027662958505e-5
1072.0   5.1142524505863424e-5
1073.0   5.1094861388896175e-5
1074.0   5.104728703006108e-5
1075.0   5.099980118166102e-5
1076.0   5.0952403596919695e-5
1077.0   5.0905094029977335e-5
1078.0   5.085787223588645e-5
1079.0   5.081073797060759e-5
1080.0   5.076369099100518e-5
1081.0   5.071673105484329e-5
1082.0   5.066985792078151e-5
1083.0   5.0623071348370815e-5
1084.0   5.057637109804944e-5
1085.0   5.05297569311388e-5
1086.0   5.04832286098394e-5
1087.0   5.0436785897226856e-5
1088.0   5.0390428557247785e-5
1089.0   5.034415635471588e-5
1090.0   5.0297969055307884e-5
1091.0   5.0251866425559666e-5
1092.0   5.0205848232862264e-5
1093.0   5.0159914245458e-5
1094.0   5.011406423243656e-5
1095.0   5.006829796373114e-5
1096.0   5.002261521011459e-5
1097.0   4.997701574319562e-5
1098.0   4.993149933541493e-5
1099.0   4.9886065760041485e-5
1100.0   4.984071479116872e-5