"Mirror" 
 "src/spectral_response_files/mirror_reflectivity.dat" 
 GRID1D { scale: 1.0, step_size: 1.0, minimum_value: 110.0, maximum_value: 1100.0, snap_precision: 0.01, label: "" } 
 "3 mirror response curves composed together" 
 
 

110.0   0.37719963044455274
111.0   0.40719691039790373
112.0   0.43505428091491705
113.0   0.46086352585581847
114.0   0.47235239086824315
115.0   0.4761179156400829
116.0   0.47782661132933896
117.0   0.49382016128944173
118.0   0.5141341584076309
119.0   0.5350985872506637
120.0   0.5569400168271517
121.0   0.579240675256644
122.0   0.5948127118480749
123.0   0.5985336249466435
124.0   0.6020368464033844
125.0   0.6051586963192921
126.0   0.6078003965169173
127.0   0.6105339722057039
128.0   0.6134663156327056
129.0   0.616707937740159
130.0   0.620366752734903
131.0   0.6245615583718318
132.0   0.6294095730105559
133.0   0.6350270321637825
134.0   0.6393833287580104
135.0   0.6407469341135611
136.0   0.641851267362525
137.0   0.6428808878937996
138.0   0.6437505561059007
139.0   0.6442807896652484
140.0   0.644748621119
141.0   0.6455617086482394
142.0   0.6463126849474152
143.0   0.6470014042940178
144.0   0.6476681552446224
145.0   0.6483443532106186
146.0   0.6484814473385262
147.0   0.6485915861259013
148.0   0.6486702643229777
149.0   0.6487242187639445
150.0   0.6487534453352942
151.0   0.6488523725518154
152.0   0.6489265745636308
153.0   0.6489760457142103
154.0   0.6490075286645495
155.0   0.6470619990989657
156.0   0.643524680027688
157.0   0.640158474664926
158.0   0.6369861302209401
159.0   0.6340301713581281
160.0   0.6313107425234779
161.0   0.6286101079766877
162.0   0.6259062105940462
163.0   0.6232429109693869
164.0   0.6206242834444943
165.0   0.618056534984741
166.0   0.6152636404884531
167.0   0.6125375921931171
168.0   0.6098821735295907
169.0   0.6072989803140878
170.0   0.6047938899548363
171.0   0.6030812637936597
172.0   0.6014231726091024
173.0   0.5998214645802376
174.0   0.5982822425743459
175.0   0.5968030710239096
176.0   0.5953815402405784
177.0   0.5940279846191405
178.0   0.5924373232055197
179.0   0.5908769653249475
180.0   0.5893931583845288
181.0   0.5922743934383146
182.0   0.5952350535049294
183.0   0.5982652022498627
184.0   0.6013697364576371
185.0   0.6045386127520915
186.0   0.607481868424377
187.0   0.6104929513213802
188.0   0.6135681209079754
189.0   0.6167057641694642
190.0   0.6198998872931164
191.0   0.6231466042790311
192.0   0.6264441721351262
193.0   0.6297886194530502
194.0   0.6331737059085061
195.0   0.6365975408174067
196.0   0.6399713131532541
197.0   0.643377106385981
198.0   0.6468151550643403
199.0   0.65027668871575
200.0   0.6537618492251916
201.0   0.6542772161803604
202.0   0.654829049183604
203.0   0.6554174093368013
204.0   0.6560423617799609
205.0   0.6566994425827901
206.0   0.6574975920229518
207.0   0.6582373638266883
208.0   0.6588550212089739
209.0   0.659502613381184
210.0   0.6601779239714055
211.0   0.6606875539773136
212.0   0.6612316001279999
213.0   0.6618078404230767
214.0   0.662414050827788
215.0   0.663052566850616
216.0   0.6638079130783372
217.0   0.6645866791245677
218.0   0.6653912052864632
219.0   0.6662169758518872
220.0   0.6670663325108438
221.0   0.6678453523244073
222.0   0.6686456238101204
223.0   0.6694649008197445
224.0   0.6703055263382826
225.0   0.6711652528209654
226.0   0.6720049991881774
227.0   0.6728638742998657
228.0   0.6734860365192973
229.0   0.6740163289628771
230.0   0.6745676668184497
231.0   0.6751100703348731
232.0   0.6756735543424424
233.0   0.6762535309495329
234.0   0.6768523406930663
235.0   0.6774653882379797
236.0   0.6781065920037032
237.0   0.6787597853235302
238.0   0.6793322530379826
239.0   0.6797542772587761
240.0   0.6801927181393559
241.0   0.680682417144696
242.0   0.6811886088919443
243.0   0.6817066701316704
244.0   0.6822389435319369
245.0   0.6827854509343622
246.0   0.6832507934416973
247.0   0.6837303172157385
248.0   0.684231030281663
249.0   0.684937101300733
250.0   0.6856529886194463
251.0   0.6863483659488867
252.0   0.6870535567092351
253.0   0.6877685802493324
254.0   0.6884911170575303
255.0   0.6892235228234362
256.0   0.6899447356706119
257.0   0.6906734836401629
258.0   0.6914097817549225
259.0   0.6921536451914712
260.0   0.6929027401708701
261.0   0.6936312184432604
262.0   0.6943672643470681
263.0   0.6951085389383113
264.0   0.6957561145944788
265.0   0.6963216000945497
266.0   0.6969038987755698
267.0   0.6974959598622995
268.0   0.6980930778172617
269.0   0.6986952608161583
270.0   0.6993072442122802
271.0   0.6998983006204583
272.0   0.7004991549129208
273.0   0.7011050881986889
274.0   0.7017161087644822
275.0   0.7023322249657394
276.0   0.7029463299452099
277.0   0.7035655390738449
278.0   0.7041898608139925
279.0   0.7048145517804755
280.0   0.7053445220578243
281.0   0.7058676229542902
282.0   0.7063957414159999
283.0   0.7069312653302655
284.0   0.7074694417456058
285.0   0.7080150406251519
286.0   0.7085633043099511
287.0   0.7091166221720906
288.0   0.7096726148724842
289.0   0.7102336743408608
290.0   0.7107998082021986
291.0   0.7113662428306696
292.0   0.7119377621643346
293.0   0.7125119807436818
294.0   0.7130889025096032
295.0   0.7136038465184958
296.0   0.7140639129849707
297.0   0.7145289726070503
298.0   0.714996632888
299.0   0.7154716966865728
300.0   0.7159469708690206
301.0   0.7164200535156952
302.0   0.7168957475424842
303.0   0.7173764602834528
304.0   0.7178573878702617
305.0   0.7183433428610928
306.0   0.7188319244633185
307.0   0.7193231360000001
308.0   0.7198169808118152
309.0   0.7203134622570745
310.0   0.7207981131794928
311.0   0.7209814208983327
312.0   0.7211719973880496
313.0   0.7213674334653521
314.0   0.7215701452068695
315.0   0.7217801366844578
316.0   0.7219949977050838
317.0   0.7222147311471715
318.0   0.7224417553558128
319.0   0.7226736589666748
320.0   0.7229104450862803
321.0   0.7231472829226765
322.0   0.723389007500894
323.0   0.7236356220584224
324.0   0.723887129898119
325.0   0.7241435343882461
326.0   0.7244024191874289
327.0   0.724777548641588
328.0   0.7251988159725489
329.0   0.7256226689955717
330.0   0.7260466871378147
331.0   0.726470870431434
332.0   0.7268976442317381
333.0   0.7273270114196172
334.0   0.7277565476545822
335.0   0.7281886811639402
336.0   0.7285966943966258
337.0   0.7288347724844855
338.0   0.7290801929403359
339.0   0.7293256684836061
340.0   0.7295784929522813
341.0   0.7298289439983516
342.0   0.7300818847556212
343.0   0.7303397498899841
344.0   0.7306001092876901
345.0   0.730862964690655
346.0   0.7310577130386958
347.0   0.7311916225941326
348.0   0.731330418842018
349.0   0.7314741036321718
350.0   0.7316202430575436
351.0   0.7317712742443486
352.0   0.7319271992052924
353.0   0.7320855831635207
354.0   0.7322488643867704
355.0   0.7324170450507872
356.0   0.7325852514643107
357.0   0.7327607986554537
358.0   0.7329363738882522
359.0   0.7331168554340824
360.0   0.733299806148923
361.0   0.7334852272526398
362.0   0.7336706796105926
363.0   0.7338610447952959
364.0   0.7340538841216718
365.0   0.7342760573631104
366.0   0.7345520052074638
367.0   0.7348280221790202
368.0   0.7351089953889177
369.0   0.7353900402127459
370.0   0.7356736014646115
371.0   0.735957235599932
372.0   0.7362433886952445
373.0   0.736532062661694
374.0   0.736823259427175
375.0   0.7371145329346268
376.0   0.7374058831941604
377.0   0.7377022088049853
378.0   0.7379961638372637
379.0   0.7382950981615041
380.0   0.7385941131995035
381.0   0.7388907570293884
382.0   0.73918993286578
383.0   0.7394916427050061
384.0   0.739793434630888
385.0   0.7400953086545909
386.0   0.740399720051709
387.0   0.7407042149097857
388.0   0.7410087932402609
389.0   0.7413085404918855
390.0   0.7413281988729661
391.0   0.7413503149670976
392.0   0.7413773463461496
393.0   0.7414068358726916
394.0   0.7414412413086685
395.0   0.74148056311026
396.0   0.7415223440477466
397.0   0.7415665843981233
398.0   0.7416132844546883
399.0   0.7416649025876887
400.0   0.7417214394814903
401.0   0.7417755209379321
402.0   0.7418345218885283
403.0   0.7418984431154889
404.0   0.741962368014253
405.0   0.7420312143193797
406.0   0.7421025239106561
407.0   0.7421762972608191
408.0   0.7422525348589336
409.0   0.7423336967485166
410.0   0.7424148645543364
411.0   0.7425009580862968
412.0   0.7425870582738435
413.0   0.7426780857093247
414.0   0.7427395949442915
415.0   0.742791265326144
416.0   0.7428478594462692
417.0   0.7429069172450777
418.0   0.742968439113904
419.0   0.7430324254604074
420.0   0.743101337941995
421.0   0.7431702546843062
422.0   0.7432416372306769
423.0   0.743317947765776
424.0   0.7433942635240293
425.0   0.7434755086192806
426.0   0.7435592218781614
427.0   0.7436429414207252
428.0   0.7437315924915227
429.0   0.7438227134335633
430.0   0.7439138418179727
431.0   0.7440099041180104
432.0   0.7441059746874361
433.0   0.7442069808694883
434.0   0.7443079961916251
435.0   0.7444114847797356
436.0   0.7445174473194097
437.0   0.7446258845126167
438.0   0.7447367970777069
439.0   0.7448501857494181
440.0   0.7449635859297488
441.0   0.7450794632186178
442.0   0.7451978183835872
443.0   0.745269330702474
444.0   0.7451534337280399
445.0   0.7450449453229039
446.0   0.7449389327376097
447.0   0.744835395270023
448.0   0.744739261926461
449.0   0.7446456014970805
450.0   0.7445544133615661
451.0   0.7444681611665143
452.0   0.7443843796985817
453.0   0.7443055322945314
454.0   0.7442316179101405
455.0   0.7441601719902176
456.0   0.7440911940615735
457.0   0.7440271469446154
458.0   0.7439655666443035
459.0   0.7439064527527864
460.0   0.7438522677697958
461.0   0.7438005481951251
462.0   0.743751293686227
463.0   0.7437045039168794
464.0   0.7436626410498477
465.0   0.7436232421395013
466.0   0.7435863069248912
467.0   0.7435542973948751
468.0   0.7435222887834919
469.0   0.7434952052913627
470.0   0.7434705845056154
471.0   0.7434484262631778
472.0   0.7434287304172877
473.0   0.7434139587611568
474.0   0.7433991873006991
475.0   0.7433868778997889
476.0   0.7433794923244664
477.0   0.7433647213205736
478.0   0.743290869236112
479.0   0.7432194835374932
480.0   0.7431505637517276
481.0   0.7430841094221604
482.0   0.743022581167987
483.0   0.7429610563103158
484.0   0.7429044564409688
485.0   0.742850320125395
486.0   0.7427986470048826
487.0   0.7427494367370392
488.0   0.7427051493543201
489.0   0.742660863732097
490.0   0.742619040038693
491.0   0.7425821380838288
492.0   0.742545237351464
493.0   0.7425132577055981
494.0   0.7424812789779369
495.0   0.7424542207716984
496.0   0.7424271632228554
497.0   0.7424025660216402
498.0   0.7423828886518364
499.0   0.7423632116297346
500.0   0.7423459945206177
501.0   0.7423312372103946
502.0   0.7423189396012755
503.0   0.7423091016117684
504.0   0.7423017231766813
505.0   0.7422943447904876
506.0   0.7422918853392886
507.0   0.7422894258935219
508.0   0.7422894258935219
509.0   0.7422918853392886
510.0   0.7422968042471195
511.0   0.7423017231766813
512.0   0.7423091016117684
513.0   0.7423189396012755
514.0   0.7423312372103946
515.0   0.7423459945206177
516.0   0.7423607520264195
517.0   0.7423189396012755
518.0   0.7421885932945047
519.0   0.7420631801229477
520.0   0.7419377810801888
521.0   0.7418173129547668
522.0   0.7416993160069695
523.0   0.7415837894540228
524.0   0.7414707325295277
525.0   0.7413626018761204
526.0   0.7412544817358784
527.0   0.7411512859542153
528.0   0.7410505564538454
529.0   0.7409522925665004
530.0   0.7408564936402585
531.0   0.7407631590395435
532.0   0.7406722881451189
533.0   0.7405863360310603
534.0   0.7405003905668628
535.0   0.740416907054694
536.0   0.7403358849406467
537.0   0.7402597786421811
538.0   0.7401836775596966
539.0   0.7401124909463749
540.0   0.7400413088974128
541.0   0.7399725857327112
542.0   0.7399063209962666
543.0   0.739842514248384
544.0   0.7397811650656733
545.0   0.7397222730410483
546.0   0.739665837783724
547.0   0.7396094053968635
548.0   0.7395578826809243
549.0   0.7395063623578261
550.0   0.7394597507939783
551.0   0.7394131411888095
552.0   0.7393689865274773
553.0   0.7393272865169669
554.0   0.7392855880743917
555.0   0.7392487966330102
556.0   0.7392120064122963
557.0   0.7391776699742588
558.0   0.7391457870910283
559.0   0.7391163575510179
560.0   0.7390869287921882
561.0   0.7390599531161635
562.0   0.7390354303439196
563.0   0.739013360312709
564.0   0.7388956609003495
565.0   0.7386553967383468
566.0   0.7384176355464688
567.0   0.7381848261064077
568.0   0.7379520656051671
569.0   0.737726702075761
570.0   0.737501384433609
571.0   0.7372810093983547
572.0   0.7370631261505768
573.0   0.7368501806498525
574.0   0.7366372761679161
575.0   0.7364293056532849
576.0   0.7362238203095702
577.0   0.736023264347464
578.0   0.7358251899520001
579.0   0.735629595803648
580.0   0.7354364805993608
581.0   0.7352458430525676
582.0   0.7350576818931672
583.0   0.7348744389016525
584.0   0.7346936689999867
585.0   0.7345153709837757
586.0   0.7343395436650618
587.0   0.7341661858723174
588.0   0.7339952964504387
589.0   0.7338293149780291
590.0   0.7336633585302359
591.0   0.733502307084063
592.0   0.7333437188490585
593.0   0.733185153474278
594.0   0.7330314888485084
595.0   0.7328802843072926
596.0   0.7327315388429866
597.0   0.7325852514643107
598.0   0.732441421196346
599.0   0.7323000470805261
600.0   0.7321586911576756
601.0   0.7320222268386644
602.0   0.7318882158887461
603.0   0.7317566574147195
604.0   0.7316275505397121
605.0   0.7314984588515068
606.0   0.7313742528849142
607.0   0.7312500609789531
608.0   0.7311307525874214
609.0   0.7310114571739094
610.0   0.7308946089434291
611.0   0.7307826410741328
612.0   0.7306706846405427
613.0   0.7305587396420747
614.0   0.7304516725170761
615.0   0.7303470488432313
616.0   0.7302424351601327
617.0   0.730142696533823
618.0   0.7300429669896537
619.0   0.7299456786255639
620.0   0.7298338076926536
621.0   0.729505556821799
622.0   0.7291822651879218
623.0   0.7288614987721149
624.0   0.7285456844097608
625.0   0.7282323895796455
626.0   0.7279216121796717
627.0   0.7276157770448068
628.0   0.7273124538317977
629.0   0.7270116405053468
630.0   0.7267157599654624
631.0   0.7264223839810297
632.0   0.7261315105833994
633.0   0.7258455608030001
634.0   0.7255621084551214
635.0   0.7252811516376136
636.0   0.7250026884649903
637.0   0.724729137565626
638.0   0.7244580753775743
639.0   0.7241895000816682
640.0   0.7239234098753534
641.0   0.7236622210937336
642.0   0.7234035126883104
643.0   0.7231472829226765
644.0   0.7228935300769922
645.0   0.7226422524479733
646.0   0.7223934483488853
647.0   0.7221495308596324
648.0   0.7219056682826888
649.0   0.721666687953722
650.0   0.7214301735183155
651.0   0.7211961233886496
652.0   0.7209645359933892
653.0   0.7206100138836015
654.0   0.720214629797853
655.0   0.7198217999229817
656.0   0.7194339302959054
657.0   0.7190486078597664
658.0   0.7186682369928683
659.0   0.7182904064312544
660.0   0.7179151136205982
661.0   0.7175423560235759
662.0   0.71717453476679
663.0   0.7168092420620337
664.0   0.7164464754394305
665.0   0.7160886336660613
666.0   0.7157333114917419
667.0   0.7153805065138561
668.0   0.7150302163466723
669.0   0.7146848367021431
670.0   0.7143395682942267
671.0   0.7139992041933143
672.0   0.7136637398128339
673.0   0.713328380524888
674.0   0.7129979149191519
675.0   0.7126699449644481
676.0   0.7123444684424755
677.0   0.712021483151682
678.0   0.711700986907252
679.0   0.711385368235438
680.0   0.711069842889216
681.0   0.7107591894319069
682.0   0.7104510150675469
683.0   0.7101453177111817
684.0   0.7098420952945133
685.0   0.7095413457658881
686.0   0.709243067090285
687.0   0.7089496424834965
688.0   0.7086562988173422
689.0   0.7083248940302211
690.0   0.7078148757214975
691.0   0.707307483841492
692.0   0.7068050953373797
693.0   0.7063053240809842
694.0   0.7058081666500169
695.0   0.7053159967168321
696.0   0.7048288075940645
697.0   0.7043418428699202
698.0   0.7038598500957824
699.0   0.7033828227200024
700.0   0.7029083825881081
701.0   0.7024365264508622
702.0   0.7019672510764655
703.0   0.7015029217525347
704.0   0.7010411646958117
705.0   0.700581976743375
706.0   0.700127720155222
707.0   0.6996760243572466
708.0   0.6992268862551689
709.0   0.6987826651470448
710.0   0.6983409936016866
711.0   0.6979018685932202
712.0   0.6974652871129943
713.0   0.6970336046009298
714.0   0.6966044577098427
715.0   0.6961778434991991
716.0   0.6957537590456077
717.0   0.6953345560400931
718.0   0.6949178751093751
719.0   0.6945037133978991
720.0   0.6940920680671763
721.0   0.6936829362957657
722.0   0.6932786652330438
723.0   0.6928769003165769
724.0   0.6924776387924323
725.0   0.6920808779236509
726.0   0.6916866149902344
727.0   0.6912948472891269
728.0   0.6909079167276275
729.0   0.6905234742981603
730.0   0.6898416744751535
731.0   0.6890245753401809
732.0   0.6882104601684739
733.0   0.6874016598300287
734.0   0.6865958282479999
735.0   0.6857952927091298
736.0   0.684997710871266
737.0   0.684203077066736
738.0   0.6834113856479337
739.0   0.6826272826265235
740.0   0.6818437795880962
741.0   0.6810655208446406
742.0   0.6802901750419679
743.0   0.6795200554270167
744.0   0.6787528342519197
745.0   0.677988506062042
746.0   0.6772270654225008
747.0   0.6764708187352317
748.0   0.6757197554545474
749.0   0.6749715567003081
750.0   0.6742262171517031
751.0   0.6734837315074785
752.0   0.6727463978098043
753.0   0.6720119041137145
754.0   0.67128024519405
755.0   0.670553714161422
756.0   0.6698300041999359
757.0   0.669111405179638
758.0   0.6683933202890916
759.0   0.6676803328310502
760.0   0.6669724328377183
761.0   0.6662650333829051
762.0   0.6655627080798173
763.0   0.6648631618034171
764.0   0.6641686732769183
765.0   0.6634769506589315
766.0   0.6627879890248223
767.0   0.6621017834689492
768.0   0.6614206065042222
769.0   0.6607421727429217
770.0   0.6600664773535008
771.0   0.6593935155232764
772.0   0.6587255536673813
773.0   0.6580603127378353
774.0   0.6573977879955887
775.0   0.6567130419886409
776.0   0.6557683301239101
777.0   0.6548222624682615
778.0   0.6538793652252551
779.0   0.6529351156686215
780.0   0.6519940313028827
781.0   0.6510515980966237
782.0   0.6501100734963997
783.0   0.6491717062591712
784.0   0.6482319953853147
785.0   0.6472954366631668
786.0   0.6463575377670371
787.0   0.645420545288
788.0   0.6444866971484696
789.0   0.6435515140231522
790.0   0.6426194700365155
791.0   0.6416860945162771
792.0   0.6407558529380769
793.0   0.6398242832742773
794.0   0.6388958423600569
795.0   0.6380950334015406
796.0   0.6377504468402149
797.0   0.6374037624220685
798.0   0.6370572036663137
799.0   0.6367085502302922
800.0   0.6363600240265914
801.0   0.6360116250319919
802.0   0.6356633532232748
803.0   0.6353129915029047
804.0   0.6349627585465969
805.0   0.6346126543306856
806.0   0.634262678831505
807.0   0.6339106182148808
808.0   0.6335564749154707
809.0   0.633204675700273
810.0   0.6328507953974785
811.0   0.6324970469684243
812.0   0.6321434303885354
813.0   0.631787736767989
814.0   0.631432176599949
815.0   0.631076749859375
816.0   0.6308626751669841
817.0   0.6309708099390323
818.0   0.6310789570671359
819.0   0.631187116552
820.0   0.631295288394331
821.0   0.631403472594835
822.0   0.6315116691542171
823.0   0.631622086547166
824.0   0.6317303080786812
825.0   0.6318407509548687
826.0   0.6319489974613987
827.0   0.6320594658237649
828.0   0.6321699470590563
829.0   0.6322804411680224
830.0   0.6323909481514137
831.0   0.6325014680099799
832.0   0.6326120007444712
833.0   0.632724757399208
834.0   0.6328353161453554
835.0   0.6329480993335423
836.0   0.6330586840944061
837.0   0.6331714938191643
838.0   0.6334325559286826
839.0   0.6341120960782938
840.0   0.6347943379191598
841.0   0.6354792863904238
842.0   0.636166946450125
843.0   0.6368573230752259
844.0   0.6375504212616412
845.0   0.6382462460242653
846.0   0.638942576886514
847.0   0.6396416411606733
848.0   0.6403434439014508
849.0   0.6410479901826228
850.0   0.6417552850970646
851.0   0.6424653337567774
852.0   0.6431781412929184
853.0   0.6438914758684093
854.0   0.6446098149641964
855.0   0.6453286881243717
856.0   0.6460503375269968
857.0   0.6467747683819906
858.0   0.6475019859185771
859.0   0.6482319953853147
860.0   0.648962553332891
861.0   0.6496981607841077
862.0   0.6504343239057735
863.0   0.6511732967237759
864.0   0.6519150845662259
865.0   0.6526596927807212
866.0   0.6534071267343751
867.0   0.6541573918138474
868.0   0.6549104934253734
869.0   0.6556641728229249
870.0   0.6564229620491949
871.0   0.6571823364725027
872.0   0.6579445657318731
873.0   0.6587096553141635
874.0   0.6594776107259636
875.0   0.6602484374936247
876.0   0.6610221411632917
877.0   0.6617987273009319
878.0   0.6625759214363389
879.0   0.6633582874927768
880.0   0.6641412691826662
881.0   0.6649271521897681
882.0   0.6657182294157382
883.0   0.6665099338333536
884.0   0.6673045565771789
885.0   0.6681021033549477
886.0   0.6692376393340363
887.0   0.6709031193164794
888.0   0.672569057252471
889.0   0.6742377507324218
890.0   0.6759092020333528
891.0   0.6775834134322841
892.0   0.6792580690379894
893.0   0.6809354816607137
894.0   0.6826133277722108
895.0   0.6842939277989306
896.0   0.6859772839990754
897.0   0.6876633986308475
898.0   0.6893499328797261
899.0   0.6910368775347494
900.0   0.6927265720881914
901.0   0.694419018779541
902.0   0.6961118634912166
903.0   0.6978074571647221
904.0   0.6995058020302275
905.0   0.7012021646519505
906.0   0.702903639264497
907.0   0.7046054885984485
908.0   0.7063077033856835
909.0   0.7080126574877107
910.0   0.7097203531068998
911.0   0.711428401649511
912.0   0.7131583456152139
913.0   0.714924671874713
914.0   0.7166915096738294
915.0   0.7184564430381439
916.0   0.720221861134647
917.0   0.721985340114981
918.0   0.7237492770392897
919.0   0.7255088179669326
920.0   0.7272712083878559
921.0   0.7290291603888018
922.0   0.7307875090045652
923.0   0.7325438069138269
924.0   0.7343004747385077
925.0   0.7360550573751329
926.0   0.7378075337158811
927.0   0.7395603360893283
928.0   0.7413109977705149
929.0   0.7430619588593752
930.0   0.7448082798996606
931.0   0.7465548660396263
932.0   0.7482992351493477
933.0   0.7500438428139166
934.0   0.7517861992318351
935.0   0.7535262834845141
936.0   0.7552665627057346
937.0   0.7570045356400719
938.0   0.758740181435575
939.0   0.7604734792709329
940.0   0.7620442123176009
941.0   0.7635469316349679
942.0   0.765044096807195
943.0   0.7665356796358963
944.0   0.7680216520325521
945.0   0.7695019860189879
946.0   0.7709766537278552
947.0   0.7724456274031054
948.0   0.773911408203171
949.0   0.7753689141646134
950.0   0.7768231786239346
951.0   0.7782691071365078
952.0   0.7797117459142907
953.0   0.7811485326932793
954.0   0.7825794404655769
955.0   0.784006993085329
956.0   0.7854286191873341
957.0   0.786841735168
958.0   0.7882514251793337
959.0   0.7896576719070001
960.0   0.7910553260406512
961.0   0.792449490318011
962.0   0.7938375755847786
963.0   0.7952221308085627
964.0   0.7966005609897809
965.0   0.7979728402739286
966.0   0.7993389429259344
967.0   0.8007014301604005
968.0   0.8020576954876458
969.0   0.8031743968466213
970.0   0.8038874506972602
971.0   0.8045957360153387
972.0   0.8053044372463771
973.0   0.8060083580010995
974.0   0.8067100890761174
975.0   0.8074096260659843
976.0   0.8081043618240029
977.0   0.8087968917492468
978.0   0.8094898172180783
979.0   0.8101779239261052
980.0   0.8108638117965475
981.0   0.8115448663870747
982.0   0.8122263022216833
983.0   0.8129028933041017
984.0   0.8135772455258641
985.0   0.8142519705885657
986.0   0.8149218338427896
987.0   0.8155868267821462
988.0   0.8162521813883923
989.0   0.8169152761197933
990.0   0.8175734837688674
991.0   0.8182320448784999
992.0   0.8188857078299014
993.0   0.8195397188174682
994.0   0.8201888206501902
995.0   0.8208356351113302
996.0   0.8214801581447843
997.0   0.8221223857091335
998.0   0.822762313777664
999.0   0.8233999383383896
1000.0   0.8240194344065676
1001.0   0.824536358078726
1002.0   0.8250508588729172
1003.0   0.8255655736508188
1004.0   0.8260752200493584
1005.0   0.8265850761514242
1006.0   0.8270951420001507
1007.0   0.8276001287323445
1008.0   0.8281053209706941
1009.0   0.8286080721599591
1010.0   0.8291083791293714
1011.0   0.829608887445844
1012.0   0.830106947362168
1013.0   0.8306025557381804
1014.0   0.8310983613408213
1015.0   0.831591711262872
1016.0   0.8320826023948621
1017.0   0.8325710316430096
1018.0   0.8330596519911463
1019.0   0.8335458063758489
1020.0   0.8340321498627539
1021.0   0.8345160233263877
1022.0   0.8349974237189295
1023.0   0.8354763480083196
1024.0   0.8359554553917947
1025.0   0.8364320826733465
1026.0   0.8369062268519059
1027.0   0.8373805501804826
1028.0   0.8378523864479028
1029.0   0.8383243999248041
1030.0   0.8387939224023595
1031.0   0.8392609509258608
1032.0   0.839725482556466
1033.0   0.8401901855678809
1034.0   0.8406176499606329
1035.0   0.8410345673156269
1036.0   0.8414489486292833
1037.0   0.8418634660322162
1038.0   0.8422754439265189
1039.0   0.8426875562037413
1040.0   0.8430971255256968
1041.0   0.8435068275341249
1042.0   0.84391398316134
1043.0   0.8443185898430967
1044.0   0.8447233258274546
1045.0   0.8451281911350714
1046.0   0.8455305032773203
1047.0   0.845930259721521
1048.0   0.8463301421458295
1049.0   0.8467301505700926
1050.0   0.8471249132475187
1051.0   0.847522485318524
1052.0   0.8479174942067216
1053.0   0.8483099374269442
1054.0   0.8487025017186357
1055.0   0.8490924970626724
1056.0   0.8494826118620551
1057.0   0.8498728461350749
1058.0   0.8502605073958521
1059.0   0.8506455932069206
1060.0   0.8510307952715355
1061.0   0.8514134186696863
1062.0   0.8517961567356254
1063.0   0.8521790094865324
1064.0   0.8525592795846163
1065.0   0.8529369646402988
1066.0   0.8533147612228819
1067.0   0.85369266934883
1068.0   0.8540679884983733
1069.0   0.8544434176358393
1070.0   0.8548162546640093
1071.0   0.855189200134886
1072.0   0.8555595503847382
1073.0   0.8559300075423267
1074.0   0.856297866388355
1075.0   0.8566658306174152
1076.0   0.8570311934656015
1077.0   0.8573966601824003
1078.0   0.8577595224702634
1079.0   0.8581224871226246
1080.0   0.8584855541539209
1081.0   0.858846012979753
1082.0   0.8592065726905157
1083.0   0.8595645211899141
1084.0   0.859922569090584
1085.0   0.860278002795331
1086.0   0.8606335344280545
1087.0   0.8609864489016663
1088.0   0.8613421756830097
1089.0   0.8616925672572667
1090.0   0.8620430538441785
1091.0   0.862393635456625
1092.0   0.8627415933182934
1093.0   0.863089644763207
1094.0   0.8634377898039489
1095.0   0.8637833074758219
1096.0   0.8641261956141653
1097.0   0.8644718969000514
1098.0   0.8648122440931594
1099.0   0.8651554044578146
1100.0   0.865495931015899