"Input Spectrum" 
 F_nu 
 GRID1D { scale: 1.0, step_size: 1.0, minimum_value: 80.0, maximum_value: 1100.0, snap_precision: 0.01, label: "" } 
 "Input spectrum with NUV and 3 mirror curves  abd QE" 
 
 

80.0   0.0
81.0   0.0
82.0   0.0
83.0   0.0
84.0   0.0
85.0   0.0
86.0   0.0
87.0   0.0
88.0   0.0
89.0   0.0
90.0   0.0
91.0   0.0
92.0   0.0
93.0   0.0
94.0   0.0
95.0   0.0
96.0   0.0
97.0   0.0
98.0   0.0
99.0   0.0
100.0   0.0
101.0   0.0
102.0   0.0
103.0   0.0
104.0   0.0
105.0   0.0
106.0   0.0
107.0   0.0
108.0   0.0
109.0   0.0
110.0   0.0
111.0   0.0
112.0   0.0
113.0   0.0
114.0   0.0
115.0   0.0
116.0   0.0
117.0   0.0
118.0   0.0
119.0   0.0
120.0   0.0
121.0   0.0
122.0   0.0
123.0   0.0
124.0   0.0
125.0   0.0
126.0   0.0
127.0   0.0
128.0   0.0
129.0   0.0
130.0   0.0
131.0   0.0
132.0   0.0
133.0   0.0
134.0   0.0
135.0   0.0
136.0   0.0
137.0   0.0
138.0   0.0
139.0   0.0
140.0   0.0
141.0   0.0
142.0   0.0
143.0   0.0
144.0   0.0
145.0   0.0
146.0   0.0
147.0   0.0
148.0   0.0
149.0   0.0
150.0   0.0
151.0   0.0
152.0   0.0
153.0   0.0
154.0   0.0
155.0   0.0
156.0   0.0
157.0   0.0
158.0   0.0
159.0   0.0
160.0   0.0
161.0   0.0
162.0   0.0
163.0   0.0
164.0   0.0
165.0   0.0
166.0   0.0
167.0   0.0
168.0   0.0
169.0   0.0
170.0   2.1785698723746452e-8
171.0   2.476314624079883e-8
172.0   2.8437681971257e-8
173.0   2.9677489803311137e-8
174.0   3.0614987489629386e-8
175.0   3.3167778975084144e-8
176.0   3.7670881524930245e-8
177.0   4.341695735402309e-8
178.0   5.1152336858117374e-8
179.0   5.990954111771901e-8
180.0   7.012346489339872e-8
181.0   8.208209447836584e-8
182.0   9.656519815704125e-8
183.0   1.1500742291281689e-7
184.0   1.3850421333875194e-7
185.0   1.6616907629522782e-7
186.0   1.9930596394739743e-7
187.0   2.385588501401675e-7
188.0   2.8435515441933757e-7
189.0   3.3694169933838587e-7
190.0   3.964980662390902e-7
191.0   4.885499218966144e-7
192.0   5.972721456014477e-7
193.0   7.256065796864584e-7
194.0   8.782756725055469e-7
195.0   1.0605618895826689e-6
196.0   1.279987274404181e-6
197.0   1.546572334514724e-6
198.0   1.8745104911367715e-6
199.0   2.2850686596217635e-6
200.0   2.804749490899408e-6
201.0   3.419233878555624e-6
202.0   4.195649853284545e-6
203.0   5.1795771914909304e-6
204.0   6.424937304570313e-6
205.0   7.996961620125912e-6
206.0   9.977318142992104e-6
207.0   1.2462973840021295e-5
208.0   1.555633958327536e-5
209.0   1.9323543247267515e-5
210.0   2.3848356310931778e-5
211.0   2.90307799888121e-5
212.0   3.474550453604003e-5
213.0   4.0662037329263275e-5
214.0   4.64383552969108e-5
215.0   5.174314323189958e-5
216.0   5.631502064881587e-5
217.0   5.981725228457531e-5
218.0   6.230146898046296e-5
219.0   6.389903396887678e-5
220.0   6.472183656872652e-5
221.0   6.48809588152351e-5
222.0   6.469280368363022e-5
223.0   6.424137898188583e-5
224.0   6.371374447268129e-5
225.0   6.31090271380421e-5
226.0   6.238919310484753e-5
227.0   6.164850110058642e-5
228.0   6.080592495057059e-5
229.0   5.990073869999217e-5
230.0   5.891061629487945e-5
231.0   5.7821047629395654e-5
232.0   5.659671791630024e-5
233.0   5.527432708874291e-5
234.0   5.386412713055861e-5
235.0   5.2377882369191185e-5
236.0   5.085348723576283e-5
237.0   4.934575640193851e-5
238.0   4.785073980626506e-5
239.0   4.636787670579259e-5
240.0   4.4909379084646655e-5
241.0   4.351841112280656e-5
242.0   4.211748504565006e-5
243.0   4.0711416097826276e-5
244.0   3.932215247020696e-5
245.0   3.786444134034192e-5
246.0   3.639958402959613e-5
247.0   3.491603527195928e-5
248.0   3.340136111956598e-5
249.0   3.192323315450517e-5
250.0   3.0453075916253974e-5
251.0   2.898728301913695e-5
252.0   2.756907160424634e-5
253.0   2.6178334567081568e-5
254.0   2.487952878115979e-5
255.0   2.356216800250268e-5
256.0   2.2311004451375483e-5
257.0   2.1077898529582432e-5
258.0   1.9878882679432118e-5
259.0   1.8702621910404266e-5
260.0   1.7544067407957488e-5
261.0   1.6400891866407948e-5
262.0   1.5257283391958051e-5
263.0   1.4141739876018823e-5
264.0   1.3048150479135692e-5
265.0   1.1986128290091119e-5
266.0   1.0983501985089369e-5
267.0   1.0021289493783488e-5
268.0   9.124864006819967e-6
269.0   8.283700781060885e-6
270.0   7.5088964946582975e-6
271.0   6.804622662712561e-6
272.0   6.159809914909929e-6
273.0   5.572379224734726e-6
274.0   5.039523665948729e-6
275.0   4.552183305355622e-6
276.0   4.103506685974912e-6
277.0   3.6888928499959635e-6
278.0   3.306042841579623e-6
279.0   2.9516062541012567e-6
280.0   2.621278318015149e-6
281.0   2.315800372079786e-6
282.0   2.034615036499743e-6
283.0   1.7778262416594882e-6
284.0   1.545685507124427e-6
285.0   1.33886465951399e-6
286.0   1.1564225195199348e-6
287.0   9.96922243565755e-7
288.0   8.624390533237367e-7
289.0   7.466121795567266e-7
290.0   6.473616157690798e-7
291.0   5.632078256287408e-7
292.0   4.91537473081262e-7
293.0   4.312386509577568e-7
294.0   3.789516541905279e-7
295.0   3.335715291982228e-7
296.0   2.940001089422806e-7
297.0   2.595556500992025e-7
298.0   2.295430414065063e-7
299.0   2.0317546295950304e-7
300.0   1.8018099794083277e-7
301.0   1.5994709399195683e-7
302.0   1.423029785603226e-7
303.0   1.2676748761262693e-7
304.0   1.1311659967369339e-7
305.0   1.0114767725296978e-7
306.0   9.055041980104517e-8
307.0   8.118739893642025e-8
308.0   7.293171154718755e-8
309.0   6.562455439182174e-8
310.0   5.915910245939626e-8
311.0   5.3486803036653036e-8
312.0   4.84448993050216e-8
313.0   4.395590497952612e-8
314.0   3.996117549344271e-8
315.0   3.639971950975214e-8
316.0   3.3216320201355243e-8
317.0   3.036362272907315e-8
318.0   2.7805080007926993e-8
319.0   2.5452655061525382e-8
320.0   2.334056631081396e-8
321.0   2.144837595421264e-8
322.0   1.9733983579583864e-8
323.0   1.8190852623241436e-8
324.0   1.6790058639956224e-8
325.0   1.5524839284891713e-8
326.0   1.4374524693498983e-8
327.0   1.3359930520408992e-8
328.0   1.2440055457585079e-8
329.0   1.1604954935775516e-8
330.0   1.0830427201588063e-8
331.0   1.0127914455048126e-8
332.0   9.47405729211622e-9
333.0   8.880476258433913e-9
334.0   8.332887192685781e-9
335.0   7.825859437967444e-9
336.0   7.376740490046768e-9
337.0   6.960188358248488e-9
338.0   6.577633297097234e-9
339.0   6.222069355336959e-9
340.0   5.892935504603272e-9
341.0   5.584865956992678e-9
342.0   5.303362534497357e-9
343.0   5.035573795052419e-9
344.0   4.78739964897634e-9
345.0   4.546746516336471e-9
346.0   4.319267547202955e-9
347.0   4.104446638517157e-9
348.0   3.9028589046418795e-9
349.0   3.713168886869946e-9
350.0   3.5362849284168288e-9
351.0   3.336935875417593e-9
352.0   3.156649328089224e-9
353.0   2.986940517061155e-9
354.0   2.8246310486920996e-9
355.0   2.6903035576726432e-9
356.0   2.5738306296823913e-9
357.0   2.4570513046725736e-9
358.0   2.3464929123035286e-9
359.0   2.2482657280206585e-9
360.0   2.1513617330880372e-9
361.0   2.0575599590844313e-9
362.0   1.9759128771200053e-9
363.0   1.897570235495915e-9
364.0   1.8269972188826447e-9
365.0   1.7635425633941358e-9
366.0   1.709105027915323e-9
367.0   1.6553633733422118e-9
368.0   1.6110579749938807e-9
369.0   1.5659539660531435e-9
370.0   1.5250343996247704e-9
371.0   1.48825269573276e-9
372.0   1.4588073324866325e-9
373.0   1.4247567990977934e-9
374.0   1.3967149403523757e-9
375.0   1.3743464705400624e-9
376.0   1.3472993235005406e-9
377.0   1.3212845428187238e-9
378.0   1.2951353771986342e-9
379.0   1.274125116488281e-9
380.0   1.2532485728422811e-9
381.0   1.2322338428462763e-9
382.0   1.2113173049389657e-9
383.0   1.1956336054346914e-9
384.0   1.1800287970707915e-9
385.0   1.1646477778556421e-9
386.0   1.1485072810944355e-9
387.0   1.1324771687948427e-9
388.0   1.1216510868759994e-9
389.0   1.1159272772815726e-9
390.0   1.1047555428796643e-9
391.0   1.0983341320100285e-9
392.0   1.0919971609510868e-9
393.0   1.0855639826977303e-9
394.0   1.0790426071968159e-9
395.0   1.072516891987768e-9
396.0   1.0657256377841744e-9
397.0   1.0641355249108604e-9
398.0   1.0570683983560146e-9
399.0   1.05506757257101e-9
400.0   1.0529962183560717e-9
401.0   1.050651826971853e-9
402.0   1.048188677259203e-9
403.0   1.0454749543857933e-9
404.0   1.0423902608200012e-9
405.0   1.0391930687065811e-9
406.0   1.0359149227468615e-9
407.0   1.0378791004889912e-9
408.0   1.0342369715295164e-9
409.0   1.0354918602167357e-9
410.0   1.0311395850841128e-9
411.0   1.0318879311885873e-9
412.0   1.0323561213330647e-9
413.0   1.0326671909502028e-9
414.0   1.0326689724749505e-9
415.0   1.0270090218994269e-9
416.0   1.0266019239222014e-9
417.0   1.0259613822187943e-9
418.0   1.0251505238116983e-9
419.0   1.0187925755489863e-9
420.0   1.0175042653698067e-9
421.0   1.0161190863629235e-9
422.0   1.01991732685945e-9
423.0   1.018132175276216e-9
424.0   1.0162949627622443e-9
425.0   1.0144681197783843e-9
426.0   1.017921754040159e-9
427.0   1.0160275657806894e-9
428.0   1.0193638363009832e-9
429.0   1.0225973722934009e-9
430.0   1.0258464486992763e-9
431.0   1.0291203748479708e-9
432.0   1.0324112519166756e-9
433.0   1.0357695140397912e-9
434.0   1.0391836525628866e-9
435.0   1.0426338265381123e-9
436.0   1.0461986109488597e-9
437.0   1.055032227485216e-9
438.0   1.0586261336214309e-9
439.0   1.0623588248337814e-9
440.0   1.0714496743627603e-9
441.0   1.0753965692846032e-9
442.0   1.079489604088196e-9
443.0   1.0888182719795703e-9
444.0   1.0925857647773804e-9
445.0   1.096528989370872e-9
446.0   1.1005236496200755e-9
447.0   1.1048680294875013e-9
448.0   1.1093245517275961e-9
449.0   1.1138870622630225e-9
450.0   1.118352478252842e-9
451.0   1.1228570930303117e-9
452.0   1.127465708293803e-9
453.0   1.1321791848467546e-9
454.0   1.1421719170066394e-9
455.0   1.1470550304625054e-9
456.0   1.1519817650788486e-9
457.0   1.1569101212550466e-9
458.0   1.1618004911034111e-9
459.0   1.1668004271632695e-9
460.0   1.1717357899691925e-9
461.0   1.1715032946063797e-9
462.0   1.1764205452442935e-9
463.0   1.1762215331341854e-9
464.0   1.1811113047530576e-9
465.0   1.1809028122722695e-9
466.0   1.180580072831866e-9
467.0   1.1799438138475322e-9
468.0   1.1793051610610096e-9
469.0   1.1785811179371496e-9
470.0   1.1778679582737127e-9
471.0   1.1772317981106622e-9
472.0   1.1765570815904896e-9
473.0   1.1707123229042359e-9
474.0   1.1694991090560843e-9
475.0   1.1629936517840665e-9
476.0   1.161605521964561e-9
477.0   1.1550669142295406e-9
478.0   1.1487255841180868e-9
479.0   1.1423839942592768e-9
480.0   1.135947404479915e-9
481.0   1.1294633095596638e-9
482.0   1.117722521063126e-9
483.0   1.1110477242962096e-9
484.0   1.1043328922819883e-9
485.0   1.0926137861258348e-9
486.0   1.0808464429620981e-9
487.0   1.07402947890955e-9
488.0   1.062257124974991e-9
489.0   1.0505019863392504e-9
490.0   1.0387696309070845e-9
491.0   1.022014367866374e-9
492.0   1.0102961870194723e-9
493.0   9.985364695877714e-10
494.0   9.86842178027679e-10
495.0   9.701665235414576e-10
496.0   9.5851531669101e-10
497.0   9.41941942879872e-10
498.0   9.25439161959889e-10
499.0   9.138927013702753e-10
500.0   8.975000700190329e-10
501.0   8.810563807427294e-10
502.0   8.696034304017893e-10
503.0   8.532857159690029e-10
504.0   8.419197166193587e-10
505.0   8.258387140838207e-10
506.0   8.098393229168439e-10
507.0   7.938805788131467e-10
508.0   7.780323030072645e-10
509.0   7.620734793658348e-10
510.0   7.461630346920898e-10
511.0   7.303270967484268e-10
512.0   7.145548305197796e-10
513.0   6.988995378483283e-10
514.0   6.833244045058911e-10
515.0   6.678211956934257e-10
516.0   6.571502753918347e-10
517.0   6.41711526881173e-10
518.0   6.262024847788437e-10
519.0   6.107850481077031e-10
520.0   5.95452661100487e-10
521.0   5.801694814326862e-10
522.0   5.649374282655276e-10
523.0   5.497905294856325e-10
524.0   5.347007753013253e-10
525.0   5.243858364587914e-10
526.0   5.093666448582962e-10
527.0   4.943880610771537e-10
528.0   4.841194279429758e-10
529.0   4.738927277991493e-10
530.0   4.636862234542007e-10
531.0   4.490457882160295e-10
532.0   4.390763812486807e-10
533.0   4.2916141559659217e-10
534.0   4.1924872599668675e-10
535.0   4.0938249239339304e-10
536.0   3.995289866695553e-10
537.0   3.897266449016145e-10
538.0   3.8453277265253785e-10
539.0   3.747869587331879e-10
540.0   3.6503015899159323e-10
541.0   3.5530864748006046e-10
542.0   3.4561779013541414e-10
543.0   3.3595086098661215e-10
544.0   3.2632796591972835e-10
545.0   3.167770240679328e-10
546.0   3.0724338243949974e-10
547.0   2.9774761740726113e-10
548.0   2.8828941514824863e-10
549.0   2.8329968775104006e-10
550.0   2.737642807511179e-10
551.0   2.686825489372893e-10
552.0   2.5909176288917853e-10
553.0   2.5389567521532673e-10
554.0   2.4894780344119385e-10
555.0   2.398821437114268e-10
556.0   2.352501022258557e-10
557.0   2.305992011479051e-10
558.0   2.2151327862816598e-10
559.0   2.1676079003988312e-10
560.0   2.1192449245610918e-10
561.0   2.0707839620496768e-10
562.0   2.0223310341782105e-10
563.0   1.973847186544701e-10
564.0   1.9260918668467523e-10
565.0   1.879763964860863e-10
566.0   1.8334286788389893e-10
567.0   1.7873347649321107e-10
568.0   1.7412718689570758e-10
569.0   1.6949474757382784e-10
570.0   1.6477318676726878e-10
571.0   1.6006548663996758e-10
572.0   1.5536997887405872e-10
573.0   1.5498205798147483e-10
574.0   1.5028859721202998e-10
575.0   1.4564833618969395e-10
576.0   1.4102299243098996e-10
577.0   1.3640684715533148e-10
578.0   1.3605683049188508e-10
579.0   1.3145249238556733e-10
580.0   1.2703254832927896e-10
581.0   1.2695768619583505e-10
582.0   1.226452235555071e-10
583.0   1.2256052548026207e-10
584.0   1.1824379734756897e-10
585.0   1.1391338902650701e-10
586.0   1.1373831607448151e-10
587.0   1.0935595106098798e-10
588.0   1.0918688306220408e-10
589.0   1.0482622366271441e-10
590.0   1.0467007981558222e-10
591.0   1.0028554202027621e-10
592.0   1.0005009003011681e-10
593.0   9.565120737191747e-11
594.0   9.541520203131897e-11
595.0   9.103201533214468e-11
596.0   9.079173722934439e-11
597.0   8.646098969986006e-11
598.0   8.626099168480864e-11
599.0   8.195422398939162e-11
600.0   8.175488451172199e-11
601.0   8.15522324646234e-11
602.0   7.727982658108913e-11
603.0   7.716229634522817e-11
604.0   7.70436451241864e-11
605.0   7.287834387958101e-11
606.0   7.276416081934623e-11
607.0   7.265356026245389e-11
608.0   6.850362521412593e-11
609.0   6.83631635837172e-11
610.0   6.822357869832948e-11
611.0   6.407598961524924e-11
612.0   6.394216799682272e-11
613.0   6.380623891034302e-11
614.0   5.968026678140447e-11
615.0   5.951332270437101e-11
616.0   5.934007565836096e-11
617.0   5.916194570774416e-11
618.0   5.504900544886934e-11
619.0   5.48762353116253e-11
620.0   5.4705181763721915e-11
621.0   5.070047296513433e-11
622.0   5.0603848828768e-11
623.0   5.0507625172537954e-11
624.0   5.041220301098849e-11
625.0   5.03161846375811e-11
626.0   4.6356457994949816e-11
627.0   4.6171524810750545e-11
628.0   4.59555605702234e-11
629.0   4.57301741933141e-11
630.0   4.5496871060474465e-11
631.0   4.148019121291231e-11
632.0   4.1246321412201194e-11
633.0   4.104616665409836e-11
634.0   4.0908985911389085e-11
635.0   4.077086280490898e-11
636.0   3.693655077754561e-11
637.0   3.680953133503432e-11
638.0   3.667927224736187e-11
639.0   3.654896794708954e-11
640.0   3.641751961618553e-11
641.0   3.6287752482213675e-11
642.0   3.615485639145415e-11
643.0   3.24183005660986e-11
644.0   3.229715156982292e-11
645.0   3.217439696924847e-11
646.0   3.205093876894376e-11
647.0   3.192668060062764e-11
648.0   3.1800216860722784e-11
649.0   3.1672972763736786e-11
650.0   3.154489835839383e-11
651.0   2.7925240683559772e-11
652.0   2.7809160005441758e-11
653.0   2.7710381643403677e-11
654.0   2.7642719180773402e-11
655.0   2.757478722538098e-11
656.0   2.7507265698133724e-11
657.0   2.7440060415518445e-11
658.0   2.737267858069315e-11
659.0   2.7306238306716335e-11
660.0   2.7212739707226018e-11
661.0   2.3705464329354514e-11
662.0   2.3598283442117428e-11
663.0   2.3491967447587467e-11
664.0   2.3384507329471193e-11
665.0   2.327499968592477e-11
666.0   2.3165327719601353e-11
667.0   2.3056174272650395e-11
668.0   2.294584055495113e-11
669.0   2.2834854946934407e-11
670.0   2.272266057960182e-11
671.0   2.261031075723546e-11
672.0   2.2498244821448423e-11
673.0   1.9186652685160845e-11
674.0   1.908827826885129e-11
675.0   1.8990492884336925e-11
676.0   1.8891671069955954e-11
677.0   1.8792996267142746e-11
678.0   1.8692494129261748e-11
679.0   1.8592636115382936e-11
680.0   1.8491239946818488e-11
681.0   1.8389627944742657e-11
682.0   1.8332316335699686e-11
683.0   1.8287292503395014e-11
684.0   1.8242084817174626e-11
685.0   1.8197116460530478e-11
686.0   1.815232266980795e-11
687.0   1.810818327494035e-11
688.0   1.8063829786591662e-11
689.0   1.8018648515976804e-11
690.0   1.4974204271214258e-11
691.0   1.4934019352538775e-11
692.0   1.4892816880781532e-11
693.0   1.4852096552983624e-11
694.0   1.481286098678212e-11
695.0   1.4772903258433018e-11
696.0   1.4733494664118506e-11
697.0   1.4672574592124083e-11
698.0   1.4589460154240714e-11
699.0   1.4506268190284965e-11
700.0   1.4423308589945929e-11
701.0   1.4339572549489789e-11
702.0   1.425542618911291e-11
703.0   1.4170869509910561e-11
704.0   1.4085832080448781e-11
705.0   1.4001049133118428e-11
706.0   1.3916212998618043e-11
707.0   1.3831246691908963e-11
708.0   1.3745726254719856e-11
709.0   1.3659802089293309e-11
710.0   1.3573088301212306e-11
711.0   1.0789131713405347e-11
712.0   1.0719146670116061e-11
713.0   1.0666314410591103e-11
714.0   1.0638822768829974e-11
715.0   1.061168355724208e-11
716.0   1.0584666512726395e-11
717.0   1.0557806767627018e-11
718.0   1.05310874960019e-11
719.0   1.0504694907174136e-11
720.0   1.0478685745205808e-11
721.0   1.0444497771874853e-11
722.0   1.0378112329546476e-11
723.0   1.031134179873743e-11
724.0   1.0244188462551581e-11
725.0   1.0176635146518777e-11
726.0   1.0109139226142764e-11
727.0   1.0041006354323983e-11
728.0   9.97249202710884e-12
729.0   9.903777704778697e-12
730.0   9.862076048052096e-12
731.0   9.831872696887544e-12
732.0   9.80219068209462e-12
733.0   9.772714169691792e-12
734.0   9.743561601730689e-12
735.0   9.714382966364418e-12
736.0   9.685127176504696e-12
737.0   9.656665421116657e-12
738.0   9.62808602635e-12
739.0   9.556897387117379e-12
740.0   9.48602829200499e-12
741.0   9.414443281012268e-12
742.0   9.342781700259098e-12
743.0   6.953113063422529e-12
744.0   6.899053373215526e-12
745.0   6.84477215954637e-12
746.0   6.790215802915328e-12
747.0   6.73883418155845e-12
748.0   6.719439878208853e-12
749.0   6.700159205778693e-12
750.0   6.6810941293677355e-12
751.0   6.662140782236407e-12
752.0   6.643280273209352e-12
753.0   6.624360523727285e-12
754.0   8.807763143030684e-12
755.0   8.783202572248438e-12
756.0   8.758373213475113e-12
757.0   8.689248974546529e-12
758.0   8.619996277965885e-12
759.0   8.54990082902256e-12
760.0   8.479925451307109e-12
761.0   8.40944441149344e-12
762.0   8.339203861233692e-12
763.0   8.268097033323066e-12
764.0   8.197066896790452e-12
765.0   8.125536257479689e-12
766.0   8.088447733559296e-12
767.0   8.066222154593437e-12
768.0   8.043965953001787e-12
769.0   8.021789360404739e-12
770.0   1.0000302898020566e-11
771.0   9.972843404008867e-12
772.0   9.945559675675028e-12
773.0   9.918842249567655e-12
774.0   9.892006599992503e-12
775.0   9.858773065822188e-12
776.0   9.770928936691721e-12
777.0   9.682315848013453e-12
778.0   9.593406308998285e-12
779.0   9.504159062517176e-12
780.0   9.41439927986878e-12
781.0   9.324892230075823e-12
782.0   9.234427005654498e-12
783.0   1.0972659958455564e-11
784.0   1.0863783623048504e-11
785.0   1.0777218191158994e-11
786.0   1.0743053087349246e-11
787.0   1.0709206466992518e-11
788.0   1.0675763137834463e-11
789.0   1.0641937405337687e-11
790.0   1.0608261542798272e-11
791.0   1.0575365161963077e-11
792.0   1.0541735504459405e-11
793.0   1.0508631632511453e-11
794.0   1.2221590479095204e-11
795.0   1.2169095825421378e-11
796.0   1.2059581816562753e-11
797.0   1.194971200599856e-11
798.0   1.1838961285878551e-11
799.0   1.1728108875299926e-11
800.0   1.161585796355409e-11
801.0   1.1503491858658933e-11
802.0   1.1389810836822815e-11
803.0   1.2886831186572131e-11
804.0   1.275625692961188e-11
805.0   1.2624422946016104e-11
806.0   1.2585087074453543e-11
807.0   1.2556682414227189e-11
808.0   1.4093748004808902e-11
809.0   1.4061403060180136e-11
810.0   1.4028762268214304e-11
811.0   1.3997144162095181e-11
812.0   1.3964753288796109e-11
813.0   1.5481108630105236e-11
814.0   1.5445591054249203e-11
815.0   1.540988162370091e-11
816.0   1.5342123390684434e-11
817.0   1.6717543521589254e-11
818.0   1.655775249846753e-11
819.0   1.6396834461428618e-11
820.0   1.6234186910268208e-11
821.0   1.753175427586232e-11
822.0   1.7352274035203373e-11
823.0   1.7171373172344197e-11
824.0   1.6989843042580696e-11
825.0   1.8207032556808157e-11
826.0   1.800732775464359e-11
827.0   1.785555671102731e-11
828.0   1.9144162370948438e-11
829.0   1.9059788985468635e-11
830.0   1.897472180818633e-11
831.0   2.023930125783741e-11
832.0   2.0149099203520862e-11
833.0   2.005823447300369e-11
834.0   2.129891939778791e-11
835.0   2.1202533833532898e-11
836.0   2.1106656544843443e-11
837.0   2.2323150103651042e-11
838.0   2.2225283518442743e-11
839.0   2.2142466395827532e-11
840.0   2.335789243103434e-11
841.0   2.3270228859487987e-11
842.0   2.4470981957072133e-11
843.0   2.4377430808529865e-11
844.0   2.4285411573935873e-11
845.0   2.5466151796724444e-11
846.0   2.5368051952463997e-11
847.0   2.6533984815570807e-11
848.0   2.6431479237650977e-11
849.0   2.758210787290686e-11
850.0   2.747472900590059e-11
851.0   2.861127629362617e-11
852.0   2.8498319555422672e-11
853.0   2.838513195339323e-11
854.0   2.9501402850616206e-11
855.0   2.9383294071561645e-11
856.0   2.9265136250091767e-11
857.0   3.036202927253757e-11
858.0   3.023893512012914e-11
859.0   3.011514336553892e-11
860.0   3.119150631619402e-11
861.0   3.106264829568147e-11
862.0   3.0934383682960025e-11
863.0   3.1990115994571375e-11
864.0   3.185667821047974e-11
865.0   3.289761817616804e-11
866.0   3.2758392875928706e-11
867.0   3.2620006885280806e-11
868.0   3.3640653810843384e-11
869.0   3.3497043753712266e-11
870.0   3.4501261875706176e-11
871.0   3.435252731568865e-11
872.0   3.534370157769379e-11
873.0   3.518906375802692e-11
874.0   3.5034451416692555e-11
875.0   3.6004004041260114e-11
876.0   3.584408008216916e-11
877.0   3.679930595720972e-11
878.0   3.663416755012549e-11
879.0   3.7573233289770666e-11
880.0   3.740378900357559e-11
881.0   3.8327437540772045e-11
882.0   3.8152071164723744e-11
883.0   3.906148553270073e-11
884.0   3.888056565920737e-11
885.0   3.9773791698826525e-11
886.0   3.960669517969238e-11
887.0   4.0537855509833894e-11
888.0   4.0396072943081494e-11
889.0   4.131530954429278e-11
890.0   4.1170109320944504e-11
891.0   4.2074794228824903e-11
892.0   4.192213376338697e-11
893.0   4.2814856962690094e-11
894.0   4.2658207162570985e-11
895.0   4.353578371037982e-11
896.0   4.3372812444550154e-11
897.0   4.423775541277634e-11
898.0   4.509496295553426e-11
899.0   4.4921354850366044e-11
900.0   4.5763805072140235e-11
901.0   4.558534793648838e-11
902.0   4.439582656931023e-11
903.0   4.421839307823619e-11
904.0   4.403909997968622e-11
905.0   4.386081322665271e-11
906.0   4.368046238466316e-11
907.0   4.251059579400321e-11
908.0   4.233241870371288e-11
909.0   4.215440545747812e-11
910.0   4.19744102894245e-11
911.0   4.179264733904668e-11
912.0   4.0645130599881956e-11
913.0   4.046966502059793e-11
914.0   4.0294167825103716e-11
915.0   4.0113882860073065e-11
916.0   3.993613499040947e-11
917.0   3.880959683988132e-11
918.0   3.863387724501037e-11
919.0   3.845522472723725e-11
920.0   3.827747723398544e-11
921.0   3.809746116713375e-11
922.0   3.7916586433450826e-11
923.0   3.6812473892636506e-11
924.0   3.66348403842747e-11
925.0   3.645497570903217e-11
926.0   3.6274321228794126e-11
927.0   3.609267170478398e-11
928.0   3.501183989721749e-11
929.0   3.483341887054356e-11
930.0   3.4652316232669425e-11
931.0   3.44711514695972e-11
932.0   3.428801725879807e-11
933.0   3.323088391542494e-11
934.0   3.305219045643597e-11
935.0   3.287142959164165e-11
936.0   3.268780212336824e-11
937.0   3.250608513762964e-11
938.0   3.2323163793213567e-11
939.0   3.1292763067176515e-11
940.0   3.1104917744978256e-11
941.0   3.0913679739927744e-11
942.0   3.0722471357669804e-11
943.0   3.0530590148922264e-11
944.0   2.9516384700727953e-11
945.0   2.9327176461890186e-11
946.0   2.913626382580894e-11
947.0   2.8945816426005404e-11
948.0   2.8753919560248002e-11
949.0   2.8560401913881838e-11
950.0   2.7579449119165353e-11
951.0   2.7389692738887818e-11
952.0   2.7200315772405712e-11
953.0   2.6237079753080247e-11
954.0   2.6050858741104464e-11
955.0   2.5103855478656328e-11
956.0   2.492103424254272e-11
957.0   2.473747451374595e-11
958.0   2.3809674339837838e-11
959.0   2.3631303650098636e-11
960.0   2.2719335144264235e-11
961.0   2.2543948377675072e-11
962.0   2.2368097256410124e-11
963.0   2.1476195496736247e-11
964.0   2.130559643824045e-11
965.0   2.1134291534734572e-11
966.0   2.026224637485235e-11
967.0   2.0094642217249895e-11
968.0   1.9927108396822955e-11
969.0   1.9072146049629234e-11
970.0   1.8893251348975653e-11
971.0   1.8715283068853185e-11
972.0   1.7874836948419795e-11
973.0   1.7702406850863508e-11
974.0   1.753013826120482e-11
975.0   1.7356655893744993e-11
976.0   1.6547577409305502e-11
977.0   1.6380782178461246e-11
978.0   1.621418684704904e-11
979.0   1.5428919791712457e-11
980.0   1.526841049660281e-11
981.0   1.510765910187606e-11
982.0   1.4946339498470285e-11
983.0   1.4192893346204551e-11
984.0   1.4038037818678682e-11
985.0   1.3882852916108357e-11
986.0   1.3727743694683698e-11
987.0   1.3006243670773249e-11
988.0   1.2856716812815753e-11
989.0   1.2707577200620172e-11
990.0   1.2558328472341123e-11
991.0   1.1869088854934322e-11
992.0   1.1725017971375514e-11
993.0   1.1581748810773155e-11
994.0   1.1438474931211203e-11
995.0   1.078145902945731e-11
996.0   1.0643726006550293e-11
997.0   1.0506226354618106e-11
998.0   1.0368900375889329e-11
999.0   9.744137245714835e-12
1000.0   9.612367250351579e-12
1001.0   9.59287303169984e-12
1002.0   9.573454299364654e-12
1003.0   9.553887860951702e-12
1004.0   9.057728552717894e-12
1005.0   9.039364462125238e-12
1006.0   9.020940488069778e-12
1007.0   9.002559601874831e-12
1008.0   8.984199219433269e-12
1009.0   8.493944809289828e-12
1010.0   8.476611262738675e-12
1011.0   8.459221221512209e-12
1012.0   8.4419753750894e-12
1013.0   8.424646133755236e-12
1014.0   7.940333699902709e-12
1015.0   7.92405013119317e-12
1016.0   7.907759639069683e-12
1017.0   7.891462331216487e-12
1018.0   7.875254911798565e-12
1019.0   7.859040721181119e-12
1020.0   7.381501046787867e-12
1021.0   7.366318809987072e-12
1022.0   7.351063166722631e-12
1023.0   7.335935743149226e-12
1024.0   7.32075842733399e-12
1025.0   7.30564216887762e-12
1026.0   6.834799549512596e-12
1027.0   6.820638651723084e-12
1028.0   6.806535048826722e-12
1029.0   6.792384772283913e-12
1030.0   6.778291827159668e-12
1031.0   6.764193482818766e-12
1032.0   6.750152551691844e-12
1033.0   6.287052585451114e-12
1034.0   6.273698613760736e-12
1035.0   6.2602813022901525e-12
1036.0   6.246860700861439e-12
1037.0   6.2335151034037665e-12
1038.0   6.220166238125481e-12
1039.0   6.206833902968205e-12
1040.0   5.751159791565972e-12
1041.0   5.73879211416297e-12
1042.0   5.726475649693771e-12
1043.0   5.7141563202942235e-12
1044.0   5.701906351024255e-12
1045.0   5.68967158986028e-12
1046.0   5.677379976532567e-12
1047.0   5.665193589290942e-12
1048.0   5.218124707421475e-12
1049.0   5.206903737935884e-12
1050.0   5.1956139956806626e-12
1051.0   5.193106581810193e-12
1052.0   5.19058824417737e-12
1053.0   5.188058998705343e-12
1054.0   5.185535292301986e-12
1055.0   5.1830006888958495e-12
1056.0   5.180471614359586e-12
1057.0   5.1779480531124785e-12
1058.0   5.175413600746507e-12
1059.0   5.172868273292201e-12
1060.0   5.17032845462604e-12
1061.0   5.167777771962226e-12
1062.0   5.1652325881814034e-12
1063.0   5.162692887868694e-12
1064.0   5.160142329839872e-12
1065.0   5.157580930230632e-12
1066.0   5.155025010002859e-12
1067.0   5.152474553849978e-12
1068.0   5.149913262658275e-12
1069.0   5.147357425996932e-12
1070.0   5.144790765750605e-12
1071.0   5.1422295505836774e-12
1072.0   5.139657523366263e-12
1073.0   5.137090931870126e-12
1074.0   5.134513539938062e-12
1075.0   5.131941574461275e-12
1076.0   5.1293588202425935e-12
1077.0   5.126781483304597e-12
1078.0   5.124193369397629e-12
1079.0   5.121610663687451e-12
1080.0   5.119033351237381e-12
1081.0   5.1164452691832665e-12
1082.0   5.1138625714659105e-12
1083.0   5.111269116103944e-12
1084.0   5.1086810362441724e-12
1085.0   5.1060822107760405e-12
1086.0   5.103488752063645e-12
1087.0   5.100884559855402e-12
1088.0   5.098301800871668e-12
1089.0   5.095692235046385e-12
1090.0   5.093088018765212e-12
1091.0   5.090489137394158e-12
1092.0   5.087879542731617e-12
1093.0   5.0852752745608495e-12
1094.0   5.082676318349463e-12
1095.0   5.080066657056115e-12
1096.0   5.077446307263893e-12
1097.0   5.074847249241708e-12
1098.0   5.07222152302806e-12
1099.0   5.0696170597617824e-12
1100.0   5.067001912396637e-12