"Input Spectrum" 
 F_nu 
 GRID1D { scale: 1.0, step_size: 1.0, minimum_value: 80.0, maximum_value: 1100.0, snap_precision: 0.01, label: "" } 
 "Input spectrum with NUV and 3 mirror curves " 
 
 

80.0   0.0
81.0   0.0
82.0   0.0
83.0   0.0
84.0   0.0
85.0   0.0
86.0   0.0
87.0   0.0
88.0   0.0
89.0   0.0
90.0   0.0
91.0   0.0
92.0   0.0
93.0   0.0
94.0   0.0
95.0   0.0
96.0   0.0
97.0   0.0
98.0   0.0
99.0   0.0
100.0   0.0
101.0   0.0
102.0   0.0
103.0   0.0
104.0   0.0
105.0   0.0
106.0   0.0
107.0   0.0
108.0   0.0
109.0   0.0
110.0   0.0
111.0   0.0
112.0   0.0
113.0   0.0
114.0   0.0
115.0   0.0
116.0   0.0
117.0   0.0
118.0   0.0
119.0   0.0
120.0   0.0
121.0   0.0
122.0   0.0
123.0   0.0
124.0   0.0
125.0   0.0
126.0   0.0
127.0   0.0
128.0   0.0
129.0   0.0
130.0   0.0
131.0   0.0
132.0   0.0
133.0   0.0
134.0   0.0
135.0   0.0
136.0   0.0
137.0   0.0
138.0   0.0
139.0   0.0
140.0   0.0
141.0   0.0
142.0   0.0
143.0   0.0
144.0   0.0
145.0   0.0
146.0   0.0
147.0   0.0
148.0   0.0
149.0   0.0
150.0   0.0
151.0   0.0
152.0   0.0
153.0   0.0
154.0   0.0
155.0   0.0
156.0   0.0
157.0   0.0
158.0   0.0
159.0   0.0
160.0   0.0
161.0   0.0
162.0   2.1182206309298118e-8
163.0   1.4254618640545855e-7
164.0   9.128817820339732e-7
165.0   2.2548805783014487e-6
166.0   5.957911887522597e-6
167.0   1.0078694597808926e-5
168.0   1.73313353368285e-5
169.0   2.3680848657428674e-5
170.0   3.2502343650027287e-5
171.0   3.767339802948622e-5
172.0   4.409549851212142e-5
173.0   4.694773379494543e-5
174.0   4.90841680741706e-5
175.0   5.324881321098782e-5
176.0   5.9645225493505394e-5
177.0   6.667312895779421e-5
178.0   7.497098516978619e-5
179.0   8.245628342981575e-5
180.0   8.92782065569301e-5
181.0   9.546567207883877e-5
182.0   0.000101447570207465
183.0   0.00010812450454315671
184.0   0.00011570666665971161
185.0   0.0001227391839560403
186.0   0.00012962474000487506
187.0   0.00013622170264578488
188.0   0.00014227398186771246
189.0   0.00014750436752494016
190.0   0.00015168792086980688
191.0   0.00015469976969029693
192.0   0.0001566259956632086
193.0   0.00015759807806463996
194.0   0.00015795051832071305
195.0   0.00015781483859284237
196.0   0.00015738707436143895
197.0   0.0001568306168341084
198.0   0.00015633866100106005
199.0   0.00015608094761693114
200.0   0.00015617588758283916
201.0   0.00015590330158868628
202.0   0.00015595192560070102
203.0   0.000156179851702075
204.0   0.00015636290509285885
205.0   0.0001563180100665184
206.0   0.0001560002308649134
207.0   0.00015538641217380098
208.0   0.00015453439552686558
209.0   0.00015364168168463586
210.0   0.0001528839357707615
211.0   0.00015223219427182945
212.0   0.00015186460212852823
213.0   0.00015174668439921918
214.0   0.00015176311359373342
215.0   0.00015182167071512294
216.0   0.0001517997762269464
217.0   0.00015151257566086603
218.0   0.0001510235659674411
219.0   0.0001503537478749326
220.0   0.00014953531447008892
221.0   0.0001486315888409333
222.0   0.0001477397693750087
223.0   0.0001469381677895309
224.0   0.00014627228530263086
225.0   0.00014575989767975786
226.0   0.000145374756446091
227.0   0.00014507532981492558
228.0   0.0001447604473331705
229.0   0.00014438379206153676
230.0   0.0001439379455915849
231.0   0.00014337239135881415
232.0   0.00014269791956070818
233.0   0.0001419433010505235
234.0   0.00014115420684990173
235.0   0.00014039320252485696
236.0   0.00013971639100412425
237.0   0.00013915725504099974
238.0   0.00013873637966723117
239.0   0.0001384350736323208
240.0   0.00013827658682315753
241.0   0.0001383377356833963
242.0   0.00013847965905006287
243.0   0.00013863911288716798
244.0   0.00013873977899812038
245.0   0.00013873032503813247
246.0   0.00013854986400507234
247.0   0.00013819504681483434
248.0   0.00013767809983534826
249.0   0.00013706760946476148
250.0   0.00013635829376751164
251.0   0.00013563795138985834
252.0   0.0001349216283038273
253.0   0.0001342390656514608
254.0   0.00013362515148528418
255.0   0.0001331004669434265
256.0   0.00013267199473318336
257.0   0.00013232481735867327
258.0   0.00013204648101971365
259.0   0.00013179244576494483
260.0   0.0001315532911743405
261.0   0.0001312394859273476
262.0   0.00013088021092684773
263.0   0.00013046089921656625
264.0   0.0001299635493077763
265.0   0.00012939395615580847
266.0   0.00012879410963452287
267.0   0.0001281858602927855
268.0   0.00012761123883943252
269.0   0.0001270841803769842
270.0   0.000126624999937847
271.0   0.00012624172297002212
272.0   0.0001259448789483455
273.0   0.0001257272523018077
274.0   0.00012557694397202256
275.0   0.00012549059311608974
276.0   0.00012543289119183759
277.0   0.00012539094143724472
278.0   0.00012534239863883168
279.0   0.00012525877489930957
280.0   0.00012511243407717436
281.0   0.0001248946149935324
282.0   0.00012460251900112102
283.0   0.00012423992151683688
284.0   0.00012381203045971187
285.0   0.00012332837966179188
286.0   0.00012280760289963598
287.0   0.0001222829143591849
288.0   0.00012176743312247226
289.0   0.00012128034545066873
290.0   0.00012084560067512078
291.0   0.00012046732449568545
292.0   0.00012015656528887435
293.0   0.00011990705152486149
294.0   0.00011971830098171056
295.0   0.00011957900002175074
296.0   0.00011947139852750875
297.0   0.00011939729338396821
298.0   0.00011934022978505606
299.0   0.00011929300000048338
300.0   0.00011923601417938092
301.0   0.00011914807103174046
302.0   0.0001190380202726946
303.0   0.00011888826328783516
304.0   0.00011869831778632119
305.0   0.00011846670737818459
306.0   0.0001181959344122708
307.0   0.00011787859125558418
308.0   0.00011753040775197053
309.0   0.00011715161501937963
310.0   0.00011674774539602367
311.0   0.00011627993100111067
312.0   0.00011581115190846666
313.0   0.00011534102432946737
314.0   0.00011488001799435806
315.0   0.00011443307205950759
316.0   0.00011399967773970209
317.0   0.00011357971403499024
318.0   0.0001131858955179759
319.0   0.00011280768259903747
320.0   0.00011244494017452838
321.0   0.00011209184564885087
322.0   0.00011175645329542422
323.0   0.00011143124384047835
324.0   0.00011111368085664303
325.0   0.00011079881284142543
326.0   0.00011048624620576903
327.0   0.00011019568646333858
328.0   0.0001099090325830561
329.0   0.00010961965833823348
330.0   0.00010932480287060691
331.0   0.00010902931632909603
332.0   0.00010873356299239709
333.0   0.0001084351462172935
334.0   0.00010813849920060041
335.0   0.00010784396568670586
336.0   0.00010754758266702078
337.0   0.00010723028891207715
338.0   0.00010692775366718933
339.0   0.00010662463805176534
340.0   0.00010633612503157676
341.0   0.00010605364473999424
342.0   0.00010578487594703542
343.0   0.00010552539322773452
344.0   0.0001052771018468346
345.0   0.00010503991488258013
346.0   0.00010480130801407802
347.0   0.00010456463862046247
348.0   0.00010432773908579803
349.0   0.00010410440018518542
350.0   0.00010388499969993958
351.0   0.00010366070720208089
352.0   0.00010343840139858564
353.0   0.00010321090106915647
354.0   0.000102983125357739
355.0   0.00010275055173771387
356.0   0.00010251027827486992
357.0   0.00010225663251396589
358.0   0.00010198869791883614
359.0   0.00010171397689700108
360.0   0.00010141878097699227
361.0   0.00010111217493122268
362.0   0.00010078946302943784
363.0   0.00010044921638091102
364.0   0.00010008901849133158
365.0   9.972148568106042e-5
366.0   9.934335507937476e-5
367.0   9.895401447351419e-5
368.0   9.855419560448326e-5
369.0   9.814549857687624e-5
370.0   9.773048777440774e-5
371.0   9.731540458462127e-5
372.0   9.689839883883465e-5
373.0   9.649247017924809e-5
374.0   9.609321782825816e-5
375.0   9.57067400169339e-5
376.0   9.533509794283701e-5
377.0   9.498740180563177e-5
378.0   9.465826086839767e-5
379.0   9.435276100078345e-5
380.0   9.407650931563666e-5
381.0   9.382261823839953e-5
382.0   9.359792427905248e-5
383.0   9.340858352276175e-5
384.0   9.323715263456413e-5
385.0   9.309615962805988e-5
386.0   9.29836091050556e-5
387.0   9.289061276155595e-5
388.0   9.282751320542817e-5
389.0   9.278096339152323e-5
390.0   9.271642728615149e-5
391.0   9.267124845445382e-5
392.0   9.263729433712915e-5
393.0   9.261831453968342e-5
394.0   9.260831562688906e-5
395.0   9.26051766685332e-5
396.0   9.261059750709551e-5
397.0   9.261632451012295e-5
398.0   9.262440087903671e-5
399.0   9.263104236795521e-5
400.0   9.26321975382348e-5
401.0   9.262698969126856e-5
402.0   9.261233670077939e-5
403.0   9.259436644910115e-5
404.0   9.25624243501124e-5
405.0   9.252124136151766e-5
406.0   9.246657179378355e-5
407.0   9.239851271356589e-5
408.0   9.231715996022064e-5
409.0   9.222291371842575e-5
410.0   9.210929943630244e-5
411.0   9.197904233040979e-5
412.0   9.183362705654842e-5
413.0   9.167376561997469e-5
414.0   9.149334755289322e-5
415.0   9.129296926746762e-5
416.0   9.107849600658018e-5
417.0   9.085167818653174e-5
418.0   9.061065209245828e-5
419.0   9.03574597978201e-5
420.0   9.009248269968672e-5
421.0   8.98190762007002e-5
422.0   8.953373170231641e-5
423.0   8.924067841074184e-5
424.0   8.894322210100319e-5
425.0   8.864581548266687e-5
426.0   8.834242158943696e-5
427.0   8.803851623743099e-5
428.0   8.773658874487637e-5
429.0   8.74363337953124e-5
430.0   8.713934720101233e-5
431.0   8.68480747741103e-5
432.0   8.65619033038514e-5
433.0   8.628325474046359e-5
434.0   8.601526925519476e-5
435.0   8.575628457678207e-5
436.0   8.550811363300114e-5
437.0   8.527068562303666e-5
438.0   8.504206619496485e-5
439.0   8.482591894078897e-5
440.0   8.462374007480478e-5
441.0   8.442830968957087e-5
442.0   8.424513045877774e-5
443.0   8.407040577416636e-5
444.0   8.388273541197811e-5
445.0   8.370958692505571e-5
446.0   8.354114740621361e-5
447.0   8.33865193679683e-5
448.0   8.32406880698426e-5
449.0   8.310304311099498e-5
450.0   8.297534191039153e-5
451.0   8.285416988086413e-5
452.0   8.274101501338288e-5
453.0   8.263249284719894e-5
454.0   8.253037061575451e-5
455.0   8.243074658052456e-5
456.0   8.233539386722893e-5
457.0   8.224455660679988e-5
458.0   8.215080961104748e-5
459.0   8.206483627239604e-5
460.0   8.197799105228096e-5
461.0   8.18900107222403e-5
462.0   8.180266912665796e-5
463.0   8.171596303675646e-5
464.0   8.162488742238645e-5
465.0   8.15362171270852e-5
466.0   8.143943933399998e-5
467.0   8.134186088345825e-5
468.0   8.124643466335474e-5
469.0   8.114499291619918e-5
470.0   8.103904237397757e-5
471.0   8.09303437013538e-5
472.0   8.08189153103158e-5
473.0   8.070331929487452e-5
474.0   8.058304971611278e-5
475.0   8.045668680793323e-5
476.0   8.033138544235696e-5
477.0   8.019897652242865e-5
478.0   8.005393621797382e-5
479.0   7.990805927571652e-5
480.0   7.975456113862737e-5
481.0   7.960196158570425e-5
482.0   7.944206687355775e-5
483.0   7.928114600478075e-5
484.0   7.911636382952203e-5
485.0   7.895252223503856e-5
486.0   7.878291192485347e-5
487.0   7.860589745487457e-5
488.0   7.843179843782411e-5
489.0   7.825674737557316e-5
490.0   7.808100906306517e-5
491.0   7.789987094614801e-5
492.0   7.771947110030774e-5
493.0   7.753701592114744e-5
494.0   7.735694939961595e-5
495.0   7.717154503921276e-5
496.0   7.698853152590307e-5
497.0   7.68048729058158e-5
498.0   7.6622461386852e-5
499.0   7.643915113693045e-5
500.0   7.625845624594161e-5
501.0   7.607548663978285e-5
502.0   7.589674145938012e-5
503.0   7.571572240880856e-5
504.0   7.553728768123163e-5
505.0   7.535794844763523e-5
506.0   7.51814253706891e-5
507.0   7.500399345930535e-5
508.0   7.483231481521696e-5
509.0   7.465995906381939e-5
510.0   7.448852585196251e-5
511.0   7.431935609530708e-5
512.0   7.415109252807459e-5
513.0   7.398531626550504e-5
514.0   7.382042905367319e-5
515.0   7.365800604393683e-5
516.0   7.349778929522284e-5
517.0   7.333417749902526e-5
518.0   7.315932987100688e-5
519.0   7.298878391467826e-5
520.0   7.282203007668934e-5
521.0   7.265484284435331e-5
522.0   7.248854275289981e-5
523.0   7.232623401699937e-5
524.0   7.216478900842989e-5
525.0   7.200908641603779e-5
526.0   7.18493434809986e-5
527.0   7.169222877454976e-5
528.0   7.153748921483386e-5
529.0   7.138664637368035e-5
530.0   7.123507866574296e-5
531.0   7.10858499405076e-5
532.0   7.093741972439074e-5
533.0   7.079306522496331e-5
534.0   7.064469117167618e-5
535.0   7.050166046663402e-5
536.0   7.035788355975047e-5
537.0   7.021813246259695e-5
538.0   7.007890169031175e-5
539.0   6.994065227137707e-5
540.0   6.980291560694707e-5
541.0   6.966741969178466e-5
542.0   6.953265479220586e-5
543.0   6.939712284265506e-5
544.0   6.926381063571054e-5
545.0   6.913419380539162e-5
546.0   6.900230964283854e-5
547.0   6.887239054991097e-5
548.0   6.874488153704812e-5
549.0   6.861488287538965e-5
550.0   6.849023419013701e-5
551.0   6.836309469508876e-5
552.0   6.82395796058515e-5
553.0   6.811673685582187e-5
554.0   6.799287401113641e-5
555.0   6.786990769781456e-5
556.0   6.775029915260633e-5
557.0   6.762988888596737e-5
558.0   6.751158634432684e-5
559.0   6.739248046792122e-5
560.0   6.727669400092964e-5
561.0   6.715865362557791e-5
562.0   6.704269742344942e-5
563.0   6.692881418813204e-5
564.0   6.680668810737953e-5
565.0   6.667679589049326e-5
566.0   6.654329016612659e-5
567.0   6.641497979375196e-5
568.0   6.628427016299639e-5
569.0   6.61561004386999e-5
570.0   6.602837933869382e-5
571.0   6.590295800511e-5
572.0   6.577960458313274e-5
573.0   6.565429494098174e-5
574.0   6.553082786236436e-5
575.0   6.540962710908327e-5
576.0   6.52904627487155e-5
577.0   6.517074219219717e-5
578.0   6.505304509079767e-5
579.0   6.49345736114983e-5
580.0   6.48181135665672e-5
581.0   6.470226589254674e-5
582.0   6.458702744732073e-5
583.0   6.447399158436109e-5
584.0   6.436017316792164e-5
585.0   6.424833072760947e-5
586.0   6.413845318163722e-5
587.0   6.402778675860793e-5
588.0   6.391770523689627e-5
589.0   6.380841790310571e-5
590.0   6.37022240169326e-5
591.0   6.359544650584035e-5
592.0   6.348787812858642e-5
593.0   6.338202436378071e-5
594.0   6.327694361325602e-5
595.0   6.31710713100075e-5
596.0   6.306710841926965e-5
597.0   6.296369906832128e-5
598.0   6.28635265616179e-5
599.0   6.275987066496122e-5
600.0   6.265923270725516e-5
601.0   6.255934150299663e-5
602.0   6.245465326282584e-5
603.0   6.235583982333698e-5
604.0   6.225622827705588e-5
605.0   6.215826792799389e-5
606.0   6.20570698110184e-5
607.0   6.195884417023043e-5
608.0   6.185871279835626e-5
609.0   6.176022367054054e-5
610.0   6.16635734347606e-5
611.0   6.156502320482646e-5
612.0   6.146810149873908e-5
613.0   6.137018619157997e-5
614.0   6.127038648670057e-5
615.0   6.117501976628255e-5
616.0   6.107736008872464e-5
617.0   6.0979123590748455e-5
618.0   6.088249857979118e-5
619.0   6.0786386229194694e-5
620.0   6.068678706848451e-5
621.0   6.056954066870339e-5
622.0   6.045307547012489e-5
623.0   6.033718637318704e-5
624.0   6.022207129187062e-5
625.0   6.0106248283647856e-5
626.0   5.9989722280391615e-5
627.0   5.9873970311622955e-5
628.0   5.975878909692497e-5
629.0   5.964290844648111e-5
630.0   5.9529061417902426e-5
631.0   5.94119890390718e-5
632.0   5.929675029457111e-5
633.0   5.918101776360268e-5
634.0   5.9065852638940434e-5
635.0   5.895125209825431e-5
636.0   5.883471345670389e-5
637.0   5.872143468937437e-5
638.0   5.8604976165071624e-5
639.0   5.849032753442232e-5
640.0   5.8373757936271035e-5
641.0   5.8261663060417786e-5
642.0   5.814641018905764e-5
643.0   5.803048418809915e-5
644.0   5.791635095853365e-5
645.0   5.780154371953298e-5
646.0   5.7687292858637086e-5
647.0   5.757378812992443e-5
648.0   5.7458198290725634e-5
649.0   5.7343357546247475e-5
650.0   5.722907060813559e-5
651.0   5.711533472377846e-5
652.0   5.700093468254329e-5
653.0   5.6878397351411445e-5
654.0   5.6751814443873385e-5
655.0   5.662462323621609e-5
656.0   5.649821984805321e-5
657.0   5.6372411303051264e-5
658.0   5.6246185374984084e-5
659.0   5.612174754583326e-5
660.0   5.599670207738171e-5
661.0   5.587224357453387e-5
662.0   5.574618014535086e-5
663.0   5.5624263046366645e-5
664.0   5.550173541092726e-5
665.0   5.5376425716181416e-5
666.0   5.525287934530701e-5
667.0   5.5132262322587765e-5
668.0   5.5009862946553395e-5
669.0   5.488821924980514e-5
670.0   5.4765790571895236e-5
671.0   5.464528244947546e-5
672.0   5.4527848506058934e-5
673.0   5.440845700063477e-5
674.0   5.4288644455663286e-5
675.0   5.4170547174895086e-5
676.0   5.4051844752902654e-5
677.0   5.393600079425317e-5
678.0   5.3817244237405016e-5
679.0   5.370266550259879e-5
680.0   5.3586147784738065e-5
681.0   5.347149537920943e-5
682.0   5.335623413616515e-5
683.0   5.3243788139857154e-5
684.0   5.313072806168584e-5
685.0   5.301819354278978e-5
686.0   5.2906182002564676e-5
687.0   5.2796000031897554e-5
688.0   5.2685024311613576e-5
689.0   5.2571556118004866e-5
690.0   5.2445194123074166e-5
691.0   5.232277706454248e-5
692.0   5.219661638110529e-5
693.0   5.207214937507735e-5
694.0   5.195271142452046e-5
695.0   5.1830656381278726e-5
696.0   5.171044339740389e-5
697.0   5.159060558966852e-5
698.0   5.1470382811433676e-5
699.0   5.135198501270843e-5
700.0   5.123632962747061e-5
701.0   5.1120103916971164e-5
702.0   5.100440864244996e-5
703.0   5.088941302972938e-5
704.0   5.077494198426477e-5
705.0   5.066208257343526e-5
706.0   5.054990891136663e-5
707.0   5.043933217454507e-5
708.0   5.0329260294965715e-5
709.0   5.021986062240187e-5
710.0   5.01098818097192e-5
711.0   5.000255693244777e-5
712.0   4.989464814079259e-5
713.0   4.978954389991553e-5
714.0   4.968385044267407e-5
715.0   4.957970720955892e-5
716.0   4.947604000055341e-5
717.0   4.937301376197178e-5
718.0   4.927045844399047e-5
719.0   4.916943097157562e-5
720.0   4.906992285130982e-5
721.0   4.896981575715267e-5
722.0   4.8871385212099306e-5
723.0   4.877340581731618e-5
724.0   4.867587548704241e-5
725.0   4.8578792148249524e-5
726.0   4.8484243083298145e-5
727.0   4.8389086146706326e-5
728.0   4.829452992693628e-5
729.0   4.8201446585810136e-5
730.0   4.808788990314278e-5
731.0   4.796419175430398e-5
732.0   4.7843103259898966e-5
733.0   4.772271170249902e-5
734.0   4.760387728029455e-5
735.0   4.748470502555693e-5
736.0   4.7365037952686924e-5
737.0   4.724895302593942e-5
738.0   4.7132363148725076e-5
739.0   4.701559391273798e-5
740.0   4.690221018221395e-5
741.0   4.678746787557062e-5
742.0   4.667423540120447e-5
743.0   4.6561658965150164e-5
744.0   4.64505770304416e-5
745.0   4.633998200192929e-5
746.0   4.622987160156787e-5
747.0   4.611940821134864e-5
748.0   4.601057700298856e-5
749.0   4.5902222407964416e-5
750.0   4.579532792356816e-5
751.0   4.5688900837130314e-5
752.0   4.558309505427029e-5
753.0   4.547677319026013e-5
754.0   4.537286880372042e-5
755.0   4.5269573096837635e-5
756.0   4.516478520813238e-5
757.0   4.506254835720902e-5
758.0   4.4961570244221165e-5
759.0   4.485829247433111e-5
760.0   4.475754420008439e-5
761.0   4.465612201800296e-5
762.0   4.455816871543576e-5
763.0   4.445777546679614e-5
764.0   4.4359879215644794e-5
765.0   4.4261458507987175e-5
766.0   4.416441561590495e-5
767.0   4.406779541760783e-5
768.0   4.397080309372199e-5
769.0   4.3874233522964516e-5
770.0   4.378090465254585e-5
771.0   4.3685168378716744e-5
772.0   4.358999952084391e-5
773.0   4.349711227716707e-5
774.0   4.340369799958976e-5
775.0   4.3307187936709994e-5
776.0   4.319750007379448e-5
777.0   4.308613317912715e-5
778.0   4.297524227817053e-5
779.0   4.2864528719146774e-5
780.0   4.275337146430572e-5
781.0   4.2645136820789225e-5
782.0   4.2534479965429085e-5
783.0   4.2425205360347286e-5
784.0   4.2317010043667566e-5
785.0   4.22092749299098e-5
786.0   4.209990237224409e-5
787.0   4.199175029169968e-5
788.0   4.1884955598586264e-5
789.0   4.177653546094875e-5
790.0   4.166857777588558e-5
791.0   4.1563459854672734e-5
792.0   4.1455238483552e-5
793.0   4.13489607606345e-5
794.0   4.124313470170011e-5
795.0   4.114490685048135e-5
796.0   4.107629698498638e-5
797.0   4.100859556073334e-5
798.0   4.094018986945211e-5
799.0   4.0873562791811024e-5
800.0   4.080448617212668e-5
801.0   4.0737326688408835e-5
802.0   4.066772891356738e-5
803.0   4.059990216631885e-5
804.0   4.053311259059674e-5
805.0   4.046476166212833e-5
806.0   4.039658377411434e-5
807.0   4.0330160072829275e-5
808.0   4.0262042204793034e-5
809.0   4.019423673352404e-5
810.0   4.012560527855377e-5
811.0   4.005971306268959e-5
812.0   3.9991423925449144e-5
813.0   3.9924871904252254e-5
814.0   3.985763550754725e-5
815.0   3.978971869072722e-5
816.0   3.973171439255518e-5
817.0   3.9694119282184156e-5
818.0   3.965661831734805e-5
819.0   3.9619211153483805e-5
820.0   3.9580209124330764e-5
821.0   3.954214702491993e-5
822.0   3.95041794616192e-5
823.0   3.946560256499972e-5
824.0   3.9428664422485864e-5
825.0   3.9390276213478075e-5
826.0   3.9352683962075926e-5
827.0   3.931532197491144e-5
828.0   3.9277215040412354e-5
829.0   3.924003801645925e-5
830.0   3.920128166453527e-5
831.0   3.916345454848223e-5
832.0   3.912655375485266e-5
833.0   3.908821437856485e-5
834.0   3.9050663927581194e-5
835.0   3.901334139794759e-5
836.0   3.897680401043334e-5
837.0   3.8938832976068274e-5
838.0   3.8909231074892513e-5
839.0   3.890620448964757e-5
840.0   3.890418286188459e-5
841.0   3.8901508533653215e-5
842.0   3.889983837753351e-5
843.0   3.889585838074676e-5
844.0   3.8894538687415845e-5
845.0   3.889256545953378e-5
846.0   3.888980317897428e-5
847.0   3.888804345950309e-5
848.0   3.88864578062159e-5
849.0   3.8884218010316155e-5
850.0   3.8882979695313764e-5
851.0   3.8881914592197965e-5
852.0   3.888019467359403e-5
853.0   3.88785124431114e-5
854.0   3.887713781226241e-5
855.0   3.8875800412425795e-5
856.0   3.887463503322463e-5
857.0   3.887446891759582e-5
858.0   3.887364671189119e-5
859.0   3.88721682480358e-5
860.0   3.88715534986996e-5
861.0   3.88704167485447e-5
862.0   3.8870143218579864e-5
863.0   3.886921255388558e-5
864.0   3.8869279221166496e-5
865.0   3.886868825594798e-5
866.0   3.886826674612592e-5
867.0   3.886884173888438e-5
868.0   3.886875834159265e-5
869.0   3.886953669888009e-5
870.0   3.8868135801095e-5
871.0   3.886925087513156e-5
872.0   3.887053396151735e-5
873.0   3.887115747228346e-5
874.0   3.8871948478403234e-5
875.0   3.887207934858948e-5
876.0   3.887320457706903e-5
877.0   3.8874496557545286e-5
878.0   3.8875821268529294e-5
879.0   3.887661857959384e-5
880.0   3.887910323058398e-5
881.0   3.888009870379718e-5
882.0   3.888222095084926e-5
883.0   3.8884374981534846e-5
884.0   3.8886694202213644e-5
885.0   3.8888350621202486e-5
886.0   3.8909652107969365e-5
887.0   3.89625078090935e-5
888.0   3.9013610064984736e-5
889.0   3.906724361153256e-5
890.0   3.9120087632701746e-5
891.0   3.9172138747625826e-5
892.0   3.9223259709308855e-5
893.0   3.927608918255934e-5
894.0   3.932882544456162e-5
895.0   3.937992564521838e-5
896.0   3.9431901462231524e-5
897.0   3.9483915657913005e-5
898.0   3.953667568267937e-5
899.0   3.9588498998125726e-5
900.0   3.9640360399437175e-5
901.0   3.969310496931797e-5
902.0   3.974490910210874e-5
903.0   3.979675116229833e-5
904.0   3.984778268407104e-5
905.0   3.990027955754695e-5
906.0   3.9952100412489324e-5
907.0   4.000382415954631e-5
908.0   4.005545059259649e-5
909.0   4.01079685562394e-5
910.0   4.0159671057701946e-5
911.0   4.0210419601281715e-5
912.0   4.0263999632163826e-5
913.0   4.0318655528182676e-5
914.0   4.037407619671225e-5
915.0   4.0425824693739846e-5
916.0   4.048091910352084e-5
917.0   4.053492117111661e-5
918.0   4.058969153145346e-5
919.0   4.0642365158591226e-5
920.0   4.069680892172125e-5
921.0   4.075001841588641e-5
922.0   4.0803130451615556e-5
923.0   4.085426837112905e-5
924.0   4.0907917851355934e-5
925.0   4.096046277211358e-5
926.0   4.101277296621923e-5
927.0   4.1064984258773285e-5
928.0   4.111696015096036e-5
929.0   4.116971363624267e-5
930.0   4.12203405662992e-5
931.0   4.127174442975441e-5
932.0   4.132203107273215e-5
933.0   4.137397783646986e-5
934.0   4.142568931468022e-5
935.0   4.1476281433467026e-5
936.0   4.1524117776576636e-5
937.0   4.157525251614883e-5
938.0   4.1626150554484824e-5
939.0   4.1675923481259165e-5
940.0   4.1715798245716634e-5
941.0   4.175186184915872e-5
942.0   4.178931954950303e-5
943.0   4.182639320285924e-5
944.0   4.1861298319738024e-5
945.0   4.189670854439448e-5
946.0   4.1930838669348256e-5
947.0   4.196636931625876e-5
948.0   4.200075658284605e-5
949.0   4.2033723514243345e-5
950.0   4.206823200706747e-5
951.0   4.210042229839193e-5
952.0   4.213415665267485e-5
953.0   4.2165706775388697e-5
954.0   4.2197766622949485e-5
955.0   4.223047549033042e-5
956.0   4.2260995317979116e-5
957.0   4.2290987447912496e-5
958.0   4.232162876302877e-5
959.0   4.235292115102301e-5
960.0   4.238368796682976e-5
961.0   4.2412395603494875e-5
962.0   4.244071220019096e-5
963.0   4.2469680603730495e-5
964.0   4.2499165077337034e-5
965.0   4.252826062886902e-5
966.0   4.255424513411155e-5
967.0   4.258088226796215e-5
968.0   4.2608944722476635e-5
969.0   4.262423566522807e-5
970.0   4.26153695440188e-5
971.0   4.260899009649814e-5
972.0   4.2601737328804506e-5
973.0   4.259424524323904e-5
974.0   4.2587559529079134e-5
975.0   4.2578047753378974e-5
976.0   4.257102145612022e-5
977.0   4.256298573782257e-5
978.0   4.25558932620237e-5
979.0   4.254493255676949e-5
980.0   4.2537500687030725e-5
981.0   4.2529830675983e-5
982.0   4.252128931791462e-5
983.0   4.251069693207987e-5
984.0   4.250272436545428e-5
985.0   4.2493881024774715e-5
986.0   4.248570690344874e-5
987.0   4.2475483557871515e-5
988.0   4.2465296770874416e-5
989.0   4.245682160164625e-5
990.0   4.2448109818483555e-5
991.0   4.243852861418207e-5
992.0   4.242599604642976e-5
993.0   4.241712078400916e-5
994.0   4.240800955053084e-5
995.0   4.239879848099651e-5
996.0   4.238677456596759e-5
997.0   4.2376460535071384e-5
998.0   4.23669513189668e-5
999.0   4.2357342643274974e-5
1000.0   4.234411095015805e-5
1001.0   4.2328345901689275e-5
1002.0   4.231248806380672e-5
1003.0   4.2296672809887206e-5
1004.0   4.228062964791799e-5
1005.0   4.2264629135119036e-5
1006.0   4.2248671146509285e-5
1007.0   4.2232485664387685e-5
1008.0   4.221634277290597e-5
1009.0   4.220010755925307e-5
1010.0   4.2183780136329356e-5
1011.0   4.216749524705752e-5
1012.0   4.215111821665298e-5
1013.0   4.213464915869819e-5
1014.0   4.211822257910074e-5
1015.0   4.210170404130855e-5
1016.0   4.2085093659580865e-5
1017.0   4.206839154852021e-5
1018.0   4.205173189750797e-5
1019.0   4.2034980588171756e-5
1020.0   4.20182716514483e-5
1021.0   4.2001471128158086e-5
1022.0   4.198457913389848e-5
1023.0   4.196759578460655e-5
1024.0   4.195065479410775e-5
1025.0   4.1933622521958664e-5
1026.0   4.191649908475597e-5
1027.0   4.189941795807431e-5
1028.0   4.188224574089149e-5
1029.0   4.1865115749895454e-5
1030.0   4.184789474367673e-5
1031.0   4.183058283980202e-5
1032.0   4.181318015617238e-5
1033.0   4.179581969147746e-5
1034.0   4.1776642137707964e-5
1035.0   4.1756977986457956e-5
1036.0   4.173722600514621e-5
1037.0   4.171751886204017e-5
1038.0   4.169772396928583e-5
1039.0   4.1677973826634635e-5
1040.0   4.165813601547467e-5
1041.0   4.1638342867156396e-5
1042.0   4.1618462132189565e-5
1043.0   4.159849393616417e-5
1044.0   4.1578570357859074e-5
1045.0   4.155869127020099e-5
1046.0   4.153872476186571e-5
1047.0   4.15186709590371e-5
1048.0   4.149866160408992e-5
1049.0   4.1478696570881405e-5
1050.0   4.1458512838097606e-5
1051.0   4.143850487556888e-5
1052.0   4.1418409746645165e-5
1053.0   4.139822757838557e-5
1054.0   4.1378089609242724e-5
1055.0   4.135786468723348e-5
1056.0   4.133768388295946e-5
1057.0   4.1317547072094004e-5
1058.0   4.129732335531298e-5
1059.0   4.127701286053234e-5
1060.0   4.125674632324434e-5
1061.0   4.123639309645506e-5
1062.0   4.121608374812005e-5
1063.0   4.119581815523595e-5
1064.0   4.117546592297425e-5
1065.0   4.1155027180090076e-5
1066.0   4.113463216004733e-5
1067.0   4.111428074070687e-5
1068.0   4.1093842862942744e-5
1069.0   4.107344850972011e-5
1070.0   4.105296778946995e-5
1071.0   4.103253051834713e-5
1072.0   4.1012006972236556e-5
1073.0   4.099152680058e-5
1074.0   4.09709604466143e-5
1075.0   4.0950437393164384e-5
1076.0   4.0929828250718106e-5
1077.0   4.090926233557875e-5
1078.0   4.088861042538532e-5
1079.0   4.0868001670013685e-5
1080.0   4.0847435950276255e-5
1081.0   4.082678429425336e-5
1082.0   4.0806175602660616e-5
1083.0   4.078548107021295e-5
1084.0   4.076482943169986e-5
1085.0   4.074409204837537e-5
1086.0   4.07233974891929e-5
1087.0   4.070261728185107e-5
1088.0   4.068200810138196e-5
1089.0   4.0661185015148204e-5
1090.0   4.064040461571592e-5
1091.0   4.0619666786312876e-5
1092.0   4.05988434699716e-5
1093.0   4.0578062656485194e-5
1094.0   4.0557324229892105e-5
1095.0   4.053650038186889e-5
1096.0   4.051559124474064e-5
1097.0   4.0494852005746115e-5
1098.0   4.0473899967348275e-5
1099.0   4.045311759709308e-5
1100.0   4.0432249972842795e-5