"Composition of some stuff (TODO: ADD WHICH STUFF))" 
 "N/A" 
 GRID1D { scale: 1.0, step_size: 1.0, minimum_value: 120.0, maximum_value: 1050.0, snap_precision: 0.01, label: "" } 
 "NUV filter cuve + NUV QE" 
 
 

120.0   0.0
121.0   0.0
122.0   0.0
123.0   0.0
124.0   0.0
125.0   0.0
126.0   0.0
127.0   0.0
128.0   0.0
129.0   0.0
130.0   0.0
131.0   0.0
132.0   0.0
133.0   0.0
134.0   0.0
135.0   0.0
136.0   0.0
137.0   0.0
138.0   0.0
139.0   0.0
140.0   0.0
141.0   0.0
142.0   0.0
143.0   0.0
144.0   0.0
145.0   0.0
146.0   0.0
147.0   0.0
148.0   0.0
149.0   0.0
150.0   0.0
151.0   0.0
152.0   0.0
153.0   0.0
154.0   0.0
155.0   0.0
156.0   0.0
157.0   0.0
158.0   0.0
159.0   0.0
160.0   0.0
161.0   0.0
162.0   0.0
163.0   0.0
164.0   0.0
165.0   0.0
166.0   0.0
167.0   0.0
168.0   0.0
169.0   0.0
170.0   0.0006702808559999999
171.0   0.0006573111939999999
172.0   0.0006449112252
173.0   0.0006321389214000001
174.0   0.000623724282
175.0   0.000622882971
176.0   0.0006315825149999999
177.0   0.0006511912375
178.0   0.0006822951138
179.0   0.0007265612591999999
180.0   0.0007854488525000001
181.0   0.0008598074333
182.0   0.0009518729523000001
183.0   0.0010636573402
184.0   0.0011970288086
185.0   0.0013538388552
186.0   0.0015375611472
187.0   0.001751254356
188.0   0.0019986448027
189.0   0.0022842828656
190.0   0.0026139066576
191.0   0.0031580520312
192.0   0.0038133653553
193.0   0.004604158810800001
194.0   0.0055604481824000004
195.0   0.0067202925849
196.0   0.008132734404000001
197.0   0.0098614184254
198.0   0.0119900636166
199.0   0.0146402792558
200.0   0.0179589150048
201.0   0.0219317605446
202.0   0.0269034821925
203.0   0.0331641830559
204.0   0.0410899074864
205.0   0.0511582869864
206.0   0.063957072933
207.0   0.0802063299208
208.0   0.100665871376
209.0   0.125770188372
210.0   0.15598994224409998
211.0   0.1907006604462
212.0   0.22879264851089998
213.0   0.267959972175
214.0   0.3059923732273
215.0   0.340815266939
216.0   0.37098223758000004
217.0   0.39480057694
218.0   0.41252812818560003
219.0   0.4249912946768
220.0   0.43281974427299996
221.0   0.4365220026321
222.0   0.43788347550089995
223.0   0.4372000818324
224.0   0.435583161505
225.0   0.43296563830400003
226.0   0.42916111868420004
227.0   0.4249413127596
228.0   0.42004515785049995
229.0   0.4148716268268
230.0   0.40927787354999995
231.0   0.4032927614682
232.0   0.39661908239820004
233.0   0.3894113119792
234.0   0.38159774570399996
235.0   0.3730799029242
236.0   0.3639765303862
237.0   0.3546042668591
238.0   0.3449040541568
239.0   0.3349431288558
240.0   0.3247793434624
241.0   0.31458091248799996
242.0   0.304142033094
243.0   0.2936502928359
244.0   0.2834237790644
245.0   0.2729355772066
246.0   0.2627182948968
247.0   0.252657646397
248.0   0.2426047509336
249.0   0.23290136363480002
250.0   0.22333130662500003
251.0   0.2137107109191
252.0   0.204333967436
253.0   0.1950127888632
254.0   0.18618896595899997
255.0   0.1770254345728
256.0   0.1681666465952
257.0   0.1592890808415
258.0   0.1505445849516
259.0   0.141909665625
260.0   0.1333609159554
261.0   0.12496918705919999
262.0   0.11657441017180002
263.0   0.10839830141399999
264.0   0.1003985390414
265.0   0.0926328295864
266.0   0.08527953658950001
267.0   0.07817780737199999
268.0   0.0715051753263
269.0   0.0651827848005
270.0   0.0593002684963
271.0   0.0539015351076
272.0   0.0489087763341
273.0   0.0443211724007
274.0   0.040130962791
275.0   0.036275095944
276.0   0.032714758042999996
277.0   0.029419133533199998
278.0   0.0263760936242
279.0   0.023564067718800003
280.0   0.0209513813503
281.0   0.0185420353968
282.0   0.016328843532300002
283.0   0.014309621416
284.0   0.0124841301882
285.0   0.0108560954355
286.0   0.0094165384896
287.0   0.008152588191
288.0   0.00708267417
289.0   0.0061560855288
290.0   0.00535693159
291.0   0.0046751916172
292.0   0.0040908082875
293.0   0.0035964411223
294.0   0.0031653611109
295.0   0.002789549412
296.0   0.0024608409424
297.0   0.002173882194
298.0   0.0019234338815999998
299.0   0.0017031633285999998
300.0   0.0015111289921999997
301.0   0.0013424228576000001
302.0   0.001195441408
303.0   0.0010662741982000001
304.0   0.0009529755921
305.0   0.000853806774
306.0   0.0007661043524999999
307.0   0.000688737438
308.0   0.0006205348296
309.0   0.0005601677312
310.0   0.0005067258666000001
311.0   0.00045998309919999996
312.0   0.0004183094504
313.0   0.0003810951501
314.0   0.00034785140350000006
315.0   0.00031808741000000003
316.0   0.00029137205350000003
317.0   0.00026733315
318.0   0.00024565852379999995
319.0   0.000225628738
320.0   0.0002075732912
321.0   0.000191346443
322.0   0.00017658025999999998
323.0   0.0001632473263
324.0   0.000151107033
325.0   0.00014011737929999998
326.0   0.00013010239
327.0   0.0001212382349
328.0   0.0001131850146
329.0   0.0001058656368
330.0   9.906651480000001e-5
331.0   9.289166249999998e-5
332.0   8.71309376e-5
333.0   8.18966596e-5
334.0   7.70575443e-5
335.0   7.25665028e-5
336.0   6.85904816e-5
337.0   6.49087905e-5
338.0   6.15147431e-5
339.0   5.8354893100000005e-5
340.0   5.541800120000001e-5
341.0   5.2660764e-5
342.0   5.01334665e-5
343.0   4.77190716e-5
344.0   4.54742728e-5
345.0   4.3285893e-5
346.0   4.12138706e-5
347.0   3.92527215e-5
348.0   3.74095992e-5
349.0   3.5667742e-5
350.0   3.4040380599999995e-5
351.0   3.21909426e-5
352.0   3.0517189800000003e-5
353.0   2.89401651e-5
354.0   2.7428095999999998e-5
355.0   2.6182862400000002e-5
356.0   2.5108025000000003e-5
357.0   2.4028283e-5
358.0   2.30073818e-5
359.0   2.2103803199999998e-5
360.0   2.12126562e-5
361.0   2.034928e-5
362.0   1.9604359600000002e-5
363.0   1.8890841599999997e-5
364.0   1.8253723e-5
365.0   1.7684680000000002e-5
366.0   1.72040196e-5
367.0   1.67286126e-5
368.0   1.63469243e-5
369.0   1.59554334e-5
370.0   1.5604489800000002e-5
371.0   1.52930844e-5
372.0   1.505502e-5
373.0   1.47654713e-5
374.0   1.4535000199999999e-5
375.0   1.43599758e-5
376.0   1.4132248799999999e-5
377.0   1.3910102999999999e-5
378.0   1.36822224e-5
379.0   1.3503845599999999e-5
380.0   1.3321588800000001e-5
381.0   1.31336544e-5
382.0   1.2941711200000002e-5
383.0   1.280004e-5
384.0   1.2656208e-5
385.0   1.2510159200000002e-5
386.0   1.2351717599999998e-5
387.0   1.2191513599999999e-5
388.0   1.2083174999999998e-5
389.0   1.20275457e-5
390.0   1.1915424e-5
391.0   1.18519406e-5
392.0   1.1787878399999999e-5
393.0   1.1720835e-5
394.0   1.1651681600000002e-5
395.0   1.15816084e-5
396.0   1.15075992e-5
397.0   1.14897188e-5
398.0   1.14124182e-5
399.0   1.1390000000000001e-5
400.0   1.1367496900000001e-5
401.0   1.1342826e-5
402.0   1.1318024300000001e-5
403.0   1.12909132e-5
404.0   1.1261484e-5
405.0   1.1231940399999999e-5
406.0   1.12031289e-5
407.0   1.1232638600000002e-5
408.0   1.1203084799999999e-5
409.0   1.1228140799999999e-5
410.0   1.11947392e-5
411.0   1.12187288e-5
412.0   1.12415915e-5
413.0   1.12645879e-5
414.0   1.1286820300000001e-5
415.0   1.1249596000000002e-5
416.0   1.1271617e-5
417.0   1.1292707e-5
418.0   1.1313797e-5
419.0   1.1275135199999999e-5
420.0   1.12939974e-5
421.0   1.1312954099999999e-5
422.0   1.1391431e-5
423.0   1.1408835e-5
424.0   1.1426334e-5
425.0   1.1444061000000001e-5
426.0   1.1522457e-5
427.0   1.1540716600000001e-5
428.0   1.16184576e-5
429.0   1.1695336800000001e-5
430.0   1.17724826e-5
431.0   1.1849662499999998e-5
432.0   1.1926854799999998e-5
433.0   1.20042935e-5
434.0   1.2081385800000001e-5
435.0   1.2158103999999999e-5
436.0   1.2235080000000001e-5
437.0   1.2372742399999999e-5
438.0   1.2448264499999999e-5
439.0   1.2523988400000001e-5
440.0   1.2661336799999998e-5
441.0   1.27373931e-5
442.0   1.28136736e-5
443.0   1.2951267e-5
444.0   1.3025156600000001e-5
445.0   1.3099204399999999e-5
446.0   1.3173432299999999e-5
447.0   1.3249959799999998e-5
448.0   1.3326710500000001e-5
449.0   1.34036856e-5
450.0   1.3478130399999999e-5
451.0   1.3552209800000001e-5
452.0   1.36264428e-5
453.0   1.370138e-5
454.0   1.38394134e-5
455.0   1.39153784e-5
456.0   1.3991331199999999e-5
457.0   1.4066707500000003e-5
458.0   1.4142289e-5
459.0   1.4218031500000001e-5
460.0   1.42932972e-5
461.0   1.43058144e-5
462.0   1.43812e-5
463.0   1.4394024e-5
464.0   1.446999e-5
465.0   1.4483169e-5
466.0   1.4496417e-5
467.0   1.4505985e-5
468.0   1.4515162e-5
469.0   1.4524385e-5
470.0   1.4534574e-5
471.0   1.4546235e-5
472.0   1.4557942e-5
473.0   1.45063714e-5
474.0   1.4512966600000001e-5
475.0   1.4454903599999999e-5
476.0   1.4460170399999999e-5
477.0   1.4402514400000001e-5
478.0   1.43493954e-5
479.0   1.429623e-5
480.0   1.424304e-5
481.0   1.41888879e-5
482.0   1.4069655599999998e-5
483.0   1.4014022e-5
484.0   1.3958337300000001e-5
485.0   1.38388712e-5
486.0   1.37193005e-5
487.0   1.3663472e-5
488.0   1.3543704800000001e-5
489.0   1.3423787999999999e-5
490.0   1.33037424e-5
491.0   1.311959e-5
492.0   1.2999267399999999e-5
493.0   1.28781906e-5
494.0   1.27569945e-5
495.0   1.25715576e-5
496.0   1.2450105200000002e-5
497.0   1.2264090899999999e-5
498.0   1.20779096e-5
499.0   1.19558196e-5
500.0   1.17691875e-5
501.0   1.1581344e-5
502.0   1.14577176e-5
503.0   1.12695975e-5
504.0   1.1145749900000001e-5
505.0   1.095888e-5
506.0   1.0771800599999999e-5
507.0   1.0584510799999999e-5
508.0   1.03970097e-5
509.0   1.02072582e-5
510.0   1.0017154e-5
511.0   9.826876e-6
512.0   9.636470699999999e-6
513.0   9.4464628e-6
514.0   9.2565759e-6
515.0   9.066512e-6
516.0   8.941089e-6
517.0   8.750511e-6
518.0   8.5594344e-6
519.0   8.3682042e-6
520.0   8.1768204e-6
521.0   7.985283e-6
522.0   7.793472000000001e-6
523.0   7.6015368e-6
524.0   7.409441399999999e-6
525.0   7.282217600000001e-6
526.0   7.0893709e-6
527.0   6.8959784e-6
528.0   6.7673528000000005e-6
529.0   6.6383946000000006e-6
530.0   6.50924e-6
531.0   6.3169504e-6
532.0   6.18963e-6
533.0   6.0621957e-6
534.0   5.9346105e-6
535.0   5.8067071e-6
536.0   5.678524799999999e-6
537.0   5.550228e-6
538.0   5.4871403999999995e-6
539.0   5.358642599999999e-6
540.0   5.22944e-6
541.0   5.100069e-6
542.0   4.970582400000001e-6
543.0   4.8409912e-6
544.0   4.7113775999999995e-6
545.0   4.58206e-6
546.0   4.4526536e-6
547.0   4.3231782e-6
548.0   4.1936128e-6
549.0   4.1288373e-6
550.0   3.997128700000001e-6
551.0   3.930228e-6
552.0   3.796796e-6
553.0   3.7273611e-6
554.0   3.6613808e-6
555.0   3.5344404000000004e-6
556.0   3.4723109e-6
557.0   3.4097232e-6
558.0   3.2811150000000004e-6
559.0   3.2163942999999995e-6
560.0   3.1500432e-6
561.0   3.0834209e-6
562.0   3.0164822e-6
563.0   2.9491739999999998e-6
564.0   2.8830824e-6
565.0   2.8192176000000004e-6
566.0   2.7552419999999998e-6
567.0   2.6911621e-6
568.0   2.6269759999999998e-6
569.0   2.5620426e-6
570.0   2.4954904e-6
571.0   2.4288058e-6
572.0   2.3619780000000002e-6
573.0   2.3605776e-6
574.0   2.293403e-6
575.0   2.2267110000000003e-6
576.0   2.1599325e-6
577.0   2.0930688e-6
578.0   2.0914752e-6
579.0   2.0243837000000002e-6
580.0   1.959831e-6
581.0   1.962183e-6
582.0   1.8989142000000002e-6
583.0   1.9009297e-6
584.0   1.8372199999999999e-6
585.0   1.7730170999999998e-6
586.0   1.7733249e-6
587.0   1.7079452e-6
588.0   1.7082416000000001e-6
589.0   1.6428275000000002e-6
590.0   1.6431150000000002e-6
591.0   1.5769296e-6
592.0   1.5758928e-6
593.0   1.5091219999999998e-6
594.0   1.5078984e-6
595.0   1.4410396000000001e-6
596.0   1.4396052000000002e-6
597.0   1.3731879e-6
598.0   1.3721945999999999e-6
599.0   1.305838e-6
600.0   1.304754e-6
601.0   1.303598e-6
602.0   1.237375e-6
603.0   1.2374510000000001e-6
604.0   1.2375251e-6
605.0   1.1724642e-6
606.0   1.1725362e-6
607.0   1.1726099999999999e-6
608.0   1.1074208e-6
609.0   1.1069125e-6
610.0   1.1063838e-6
611.0   1.0407856000000001e-6
612.0   1.0402496e-6
613.0   1.0396944e-6
614.0   9.740475e-7
615.0   9.72837e-7
616.0   9.71556e-7
617.0   9.702e-7
618.0   9.041844e-7
619.0   9.027717999999999e-7
620.0   9.014347999999999e-7
621.0   8.370622e-7
622.0   8.370765e-7
623.0   8.370895e-7
624.0   8.371051000000001e-7
625.0   8.371207000000001e-7
626.0   7.7274e-7
627.0   7.711452e-7
628.0   7.690176e-7
629.0   7.667327999999999e-7
630.0   7.6428e-7
631.0   6.981788000000001e-7
632.0   6.955916000000001e-7
633.0   6.935698e-7
634.0   6.925996e-7
635.0   6.916030000000001e-7
636.0   6.278019999999999e-7
637.0   6.2685e-7
638.0   6.25873e-7
639.0   6.248719999999999e-7
640.0   6.238679999999999e-7
641.0   6.22841e-7
642.0   6.2179e-7
643.0   5.586426e-7
644.0   5.576517e-7
645.0   5.566356e-7
646.0   5.555978999999999e-7
647.0   5.54535e-7
648.0   5.534496e-7
649.0   5.52339e-7
650.0   5.512041e-7
651.0   4.889272e-7
652.0   4.87872e-7
653.0   4.871864e-7
654.0   4.870808e-7
655.0   4.869752e-7
656.0   4.868696e-7
657.0   4.86764e-7
658.0   4.866583999999999e-7
659.0   4.865536e-7
660.0   4.859704e-7
661.0   4.242798e-7
662.0   4.2331659999999996e-7
663.0   4.2233309999999997e-7
664.0   4.213293e-7
665.0   4.2030519999999994e-7
666.0   4.192601e-7
667.0   4.1819749999999996e-7
668.0   4.171223e-7
669.0   4.160247e-7
670.0   4.149061e-7
671.0   4.137651e-7
672.0   4.12601e-7
673.0   3.52641e-7
674.0   3.5160719999999996e-7
675.0   3.505686e-7
676.0   3.4951019999999994e-7
677.0   3.484314e-7
678.0   3.4733279999999997e-7
679.0   3.4621439999999995e-7
680.0   3.45075e-7
681.0   3.4391459999999997e-7
682.0   3.435834e-7
683.0   3.434634e-7
684.0   3.433434e-7
685.0   3.43224e-7
686.0   3.43104e-7
687.0   3.42984e-7
688.0   3.4286459999999995e-7
689.0   3.4274520000000003e-7
690.0   2.85521e-7
691.0   2.8542099999999995e-7
692.0   2.853215e-7
693.0   2.852215e-7
694.0   2.8512199999999995e-7
695.0   2.850225e-7
696.0   2.8492299999999996e-7
697.0   2.84404e-7
698.0   2.834535e-7
699.0   2.8248699999999995e-7
700.0   2.815055e-7
701.0   2.805075e-7
702.0   2.7949400000000003e-7
703.0   2.7846399999999997e-7
704.0   2.7741700000000003e-7
705.0   2.7636149999999996e-7
706.0   2.752965e-7
707.0   2.742155e-7
708.0   2.73116e-7
709.0   2.72e-7
710.0   2.708665e-7
711.0   2.157716e-7
712.0   2.148356e-7
713.0   2.1422799999999998e-7
714.0   2.1413039999999997e-7
715.0   2.1403279999999996e-7
716.0   2.139352e-7
717.0   2.138376e-7
718.0   2.137404e-7
719.0   2.136428e-7
720.0   2.13546e-7
721.0   2.132844e-7
722.0   2.123556e-7
723.0   2.114132e-7
724.0   2.104572e-7
725.0   2.0948719999999999e-7
726.0   2.085036e-7
727.0   2.0750559999999998e-7
728.0   2.064932e-7
729.0   2.0546639999999996e-7
730.0   2.050844e-7
731.0   2.0498359999999998e-7
732.0   2.04882e-7
733.0   2.047812e-7
734.0   2.0468e-7
735.0   2.045792e-7
736.0   2.0447839999999998e-7
737.0   2.043784e-7
738.0   2.0427759999999998e-7
739.0   2.0327079999999998e-7
740.0   2.0225119999999999e-7
741.0   2.012172e-7
742.0   2.0017e-7
743.0   1.493313e-7
744.0   1.485246e-7
745.0   1.4770769999999999e-7
746.0   1.468794e-7
747.0   1.461171e-7
748.0   1.460412e-7
749.0   1.459659e-7
750.0   1.458903e-7
751.0   1.458153e-7
752.0   1.4574e-7
753.0   1.456647e-7
754.0   1.9411959999999997e-7
755.0   1.9401999999999999e-7
756.0   1.9392039999999997e-7
757.0   1.9282639999999998e-7
758.0   1.9171919999999998e-7
759.0   1.90598e-7
760.0   1.8946359999999999e-7
761.0   1.883156e-7
762.0   1.871532e-7
763.0   1.859764e-7
764.0   1.8478559999999998e-7
765.0   1.835804e-7
766.0   1.83144e-7
767.0   1.830412e-7
768.0   1.8293879999999998e-7
769.0   1.8283599999999998e-7
770.0   2.28417e-7
771.0   2.28289e-7
772.0   2.281615e-7
773.0   2.280345e-7
774.0   2.2790699999999998e-7
775.0   2.276475e-7
776.0   2.26192e-7
777.0   2.2472e-7
778.0   2.23231e-7
779.0   2.2172549999999997e-7
780.0   2.202025e-7
781.0   2.186625e-7
782.0   2.171045e-7
783.0   2.586354e-7
784.0   2.567238e-7
785.0   2.553282e-7
786.0   2.5518e-7
787.0   2.550312e-7
788.0   2.54883e-7
789.0   2.547348e-7
790.0   2.545866e-7
791.0   2.54439e-7
792.0   2.54292e-7
793.0   2.5414499999999995e-7
794.0   2.963303e-7
795.0   2.9576189999999995e-7
796.0   2.935898e-7
797.0   2.9139529999999997e-7
798.0   2.8917699999999997e-7
799.0   2.869363e-7
800.0   2.846711e-7
801.0   2.823821e-7
802.0   2.8007e-7
803.0   3.1741039999999995e-7
804.0   3.14712e-7
805.0   3.119856e-7
806.0   3.115384e-7
807.0   3.1134719999999995e-7
808.0   3.5005049999999995e-7
809.0   3.498363e-7
810.0   3.496212e-7
811.0   3.49407e-7
812.0   3.4919369999999994e-7
813.0   3.8775599999999997e-7
814.0   3.87519e-7
815.0   3.87283e-7
816.0   3.86143e-7
817.0   4.211592e-7
818.0   4.175281e-7
819.0   4.138607e-7
820.0   4.101592e-7
821.0   4.433688e-7
822.0   4.392516e-7
823.0   4.350972e-7
824.0   4.309008e-7
825.0   4.622215e-7
826.0   4.5758830000000004e-7
827.0   4.5416280000000003e-7
828.0   4.874113999999999e-7
829.0   4.85723e-7
830.0   4.840332e-7
831.0   5.167905e-7
832.0   5.149725e-7
833.0   5.13153e-7
834.0   5.454176e-7
835.0   5.434688e-7
836.0   5.415184e-7
837.0   5.732876000000001e-7
838.0   5.712085000000001e-7
839.0   5.691243e-7
840.0   6.003953999999999e-7
841.0   5.981832e-7
842.0   6.290767e-7
843.0   6.267359000000001e-7
844.0   6.243913e-7
845.0   6.54782e-7
846.0   6.52306e-7
847.0   6.823173e-7
848.0   6.797090999999999e-7
849.0   7.093394000000001e-7
850.0   7.066004000000001e-7
851.0   7.358505e-7
852.0   7.329778000000001e-7
853.0   7.300981999999999e-7
854.0   7.588368e-7
855.0   7.558248e-7
856.0   7.52808e-7
857.0   7.810275e-7
858.0   7.778775000000001e-7
859.0   7.747225000000002e-7
860.0   8.02425e-7
861.0   7.991334e-7
862.0   7.958392e-7
863.0   8.230194e-7
864.0   8.19585e-7
865.0   8.463784e-7
866.0   8.428056e-7
867.0   8.392327999999999e-7
868.0   8.654934e-7
869.0   8.617814e-7
870.0   8.876490000000001e-7
871.0   8.83797e-7
872.0   9.092672e-7
873.0   9.052744e-7
874.0   9.012785000000001e-7
875.0   9.262176e-7
876.0   9.220767999999999e-7
877.0   9.466182e-7
878.0   9.423381000000001e-7
879.0   9.664738e-7
880.0   9.620538e-7
881.0   9.857854999999999e-7
882.0   9.812215e-7
883.0   1.0045547999999998e-6
884.0   9.998423999999998e-7
885.0   1.0227688e-6
886.0   1.0179144000000002e-6
887.0   1.0404324e-6
888.0   1.0354354e-6
889.0   1.0575434999999999e-6
890.0   1.0524033e-6
891.0   1.0741e-6
892.0   1.0688079999999998e-6
893.0   1.0900997999999999e-6
894.0   1.084655e-6
895.0   1.1055323999999998e-6
896.0   1.0999421999999998e-6
897.0   1.1203994e-6
898.0   1.1405856e-6
899.0   1.1347072e-6
900.0   1.154475e-6
901.0   1.148445e-6
902.0   1.1170192e-6
903.0   1.1111056000000002e-6
904.0   1.1051832e-6
905.0   1.0992608000000001e-6
906.0   1.0933208e-6
907.0   1.0626633e-6
908.0   1.0568454000000001e-6
909.0   1.0510232e-6
910.0   1.0451881000000002e-6
911.0   1.0393487000000002e-6
912.0   1.0094657999999999e-6
913.0   1.0037454e-6
914.0   9.980207999999999e-7
915.0   9.922835999999998e-7
916.0   9.865421999999998e-7
917.0   9.574361e-7
918.0   9.518149999999999e-7
919.0   9.461856999999999e-7
920.0   9.405522999999999e-7
921.0   9.349066e-7
922.0   9.292567999999999e-7
923.0   9.010679999999999e-7
924.0   8.95544e-7
925.0   8.90004e-7
926.0   8.84464e-7
927.0   8.78916e-7
928.0   8.515182e-7
929.0   8.460933e-7
930.0   8.406606e-7
931.0   8.35224e-7
932.0   8.297757e-7
933.0   8.031832e-7
934.0   7.978670000000001e-7
935.0   7.925356e-7
936.0   7.872004e-7
937.0   7.818613999999999e-7
938.0   7.76511e-7
939.0   7.508595e-7
940.0   7.456388e-7
941.0   7.404144000000001e-7
942.0   7.351752000000001e-7
943.0   7.29936e-7
944.0   7.050996e-7
945.0   6.999876e-7
946.0   6.948647999999999e-7
947.0   6.897383999999999e-7
948.0   6.846048e-7
949.0   6.79464e-7
950.0   6.555885e-7
951.0   6.505799999999999e-7
952.0   6.455645e-7
953.0   6.222374e-7
954.0   6.173516000000001e-7
955.0   5.944488e-7
956.0   5.896935e-7
957.0   5.849349e-7
958.0   5.625887999999999e-7
959.0   5.579615999999999e-7
960.0   5.360395999999999e-7
961.0   5.315415e-7
962.0   5.270434e-7
963.0   5.056829999999999e-7
964.0   5.01318e-7
965.0   4.96947e-7
966.0   4.76151e-7
967.0   4.719170000000001e-7
968.0   4.676743e-7
969.0   4.4744839999999997e-7
970.0   4.433436e-7
971.0   4.392332e-7
972.0   4.1958e-7
973.0   4.1560560000000003e-7
974.0   4.116258e-7
975.0   4.076433e-7
976.0   3.887052e-7
977.0   3.848598e-7
978.0   3.810092e-7
979.0   3.6265000000000003e-7
980.0   3.5894000000000006e-7
981.0   3.55225e-7
982.0   3.5150250000000006e-7
983.0   3.3386640000000003e-7
984.0   3.3028559999999995e-7
985.0   3.2670239999999995e-7
986.0   3.231144e-7
987.0   3.062059e-7
988.0   3.0275820000000003e-7
989.0   2.993059e-7
990.0   2.958513e-7
991.0   2.796772e-7
992.0   2.76364e-7
993.0   2.730442e-7
994.0   2.6972440000000004e-7
995.0   2.5428689999999996e-7
996.0   2.5110959999999996e-7
997.0   2.4792599999999997e-7
998.0   2.447403e-7
999.0   2.30046e-7
1000.0   2.2700600000000001e-7
1001.0   2.2662999999999999e-7
1002.0   2.26256e-7
1003.0   2.2587799999999998e-7
1004.0   2.1422880000000002e-7
1005.0   2.138754e-7
1006.0   2.1352010000000001e-7
1007.0   2.1316670000000002e-7
1008.0   2.128133e-7
1009.0   2.012778e-7
1010.0   2.009448e-7
1011.0   2.0060999999999997e-7
1012.0   2.002788e-7
1013.0   1.999458e-7
1014.0   1.8852489999999998e-7
1015.0   1.882121e-7
1016.0   1.878993e-7
1017.0   1.875865e-7
1018.0   1.872754e-7
1019.0   1.8696429999999998e-7
1020.0   1.756736e-7
1021.0   1.753824e-7
1022.0   1.750896e-7
1023.0   1.748e-7
1024.0   1.7450879999999998e-7
1025.0   1.742192e-7
1026.0   1.630575e-7
1027.0   1.6278599999999999e-7
1028.0   1.62516e-7
1029.0   1.622445e-7
1030.0   1.619745e-7
1031.0   1.617045e-7
1032.0   1.61436e-7
1033.0   1.50423e-7
1034.0   1.501724e-7
1035.0   1.499218e-7
1036.0   1.496712e-7
1037.0   1.49422e-7
1038.0   1.491728e-7
1039.0   1.489236e-7
1040.0   1.380561e-7
1041.0   1.378247e-7
1042.0   1.3759460000000001e-7
1043.0   1.373645e-7
1044.0   1.3713570000000001e-7
1045.0   1.369069e-7
1046.0   1.366768e-7
1047.0   1.364493e-7
1048.0   1.25742e-7
1049.0   1.25532e-7
1050.0   1.253208e-7