"NUV_DICHROIC" 
 "/Users/mayabasu/RustroverProjects/astroimsim-spectra/src/spectral_response_files/UVIM_dichroic_response.dat" 
 GRID1D { scale: 1000.0, step_size: 1.0, minimum_value: 120.0, maximum_value: 1000.0, snap_precision: 0.01, label: "" } 
 "nuv path (reflection)" 
 
 

120.0   0.0
121.0   0.0
122.0   0.0
123.0   0.0
124.0   0.0
125.0   0.0
126.0   0.0
127.0   0.0
128.0   0.0
129.0   0.0
130.0   0.0
131.0   0.0
132.0   0.0
133.0   0.0
134.0   0.0
135.0   0.0
136.0   0.0
137.0   0.0
138.0   0.0
139.0   0.0
140.0   0.0
141.0   0.0
142.0   0.0
143.0   0.0
144.0   0.0
145.0   0.0
146.0   0.0
147.0   0.0
148.0   0.0
149.0   0.0
150.0   0.0
151.0   0.0
152.0   0.0
153.0   0.0
154.0   0.0
155.0   0.0
156.0   0.0
157.0   0.0
158.0   0.0
159.0   0.0
160.0   0.0
161.0   0.0
162.0   0.0001
163.0   0.00068
164.0   0.0044
165.0   0.01098
166.0   0.02932
167.0   0.05012
168.0   0.08708
169.0   0.1202
170.0   0.16664
171.0   0.19484
172.0   0.23002
173.0   0.24698
174.0   0.26038
175.0   0.2848
176.0   0.3216
177.0   0.36236
178.0   0.41086
179.0   0.45562
180.0   0.49732
181.0   0.53214
182.0   0.56578
183.0   0.60326
184.0   0.64574
185.0   0.6851
186.0   0.72392
187.0   0.76108
188.0   0.79514
189.0   0.82454
190.0   0.84802
191.0   0.86488
192.0   0.8756
193.0   0.88092
194.0   0.88272
195.0   0.88174
196.0   0.8792
197.0   0.8759
198.0   0.87292
199.0   0.87122
200.0   0.87146
201.0   0.8736
202.0   0.87748
203.0   0.88232
204.0   0.88686
205.0   0.89006
206.0   0.8915
207.0   0.8913
208.0   0.88986
209.0   0.8881
210.0   0.88704
211.0   0.88678
212.0   0.8881
213.0   0.89082
214.0   0.89428
215.0   0.89794
216.0   0.90096
217.0   0.90236
218.0   0.9025
219.0   0.9015
220.0   0.89954
221.0   0.89712
222.0   0.8947
223.0   0.89276
224.0   0.89158
225.0   0.89128
226.0   0.89176
227.0   0.89272
228.0   0.89388
229.0   0.89476
230.0   0.89516
231.0   0.8948
232.0   0.8937
233.0   0.89204
234.0   0.8901
235.0   0.88828
236.0   0.88692
237.0   0.88626
238.0   0.88656
239.0   0.8878
240.0   0.88992
241.0   0.89338
242.0   0.89734
243.0   0.9014
244.0   0.90506
245.0   0.90798
246.0   0.90988
247.0   0.9106
248.0   0.9102
249.0   0.90888
250.0   0.90686
251.0   0.90476
252.0   0.90264
253.0   0.9007
254.0   0.89918
255.0   0.89822
256.0   0.8979
257.0   0.8981
258.0   0.89874
259.0   0.89952
260.0   0.90038
261.0   0.90074
262.0   0.90076
263.0   0.90034
264.0   0.89948
265.0   0.8982
266.0   0.89666
267.0   0.89502
268.0   0.89358
269.0   0.89244
270.0   0.89174
271.0   0.89158
272.0   0.892
273.0   0.89296
274.0   0.89438
275.0   0.89624
276.0   0.8983
277.0   0.90046
278.0   0.90256
279.0   0.9044
280.0   0.9059
281.0   0.90688
282.0   0.9073
283.0   0.90718
284.0   0.90656
285.0   0.9055
286.0   0.90414
287.0   0.90272
288.0   0.90134
289.0   0.90014
290.0   0.8993
291.0   0.89886
292.0   0.8989
293.0   0.89938
294.0   0.9003
295.0   0.90166
296.0   0.90332
297.0   0.90522
298.0   0.90724
299.0   0.90932
300.0   0.91132
301.0   0.91308
302.0   0.91466
303.0   0.91592
304.0   0.91686
305.0   0.91746
306.0   0.91774
307.0   0.91764
308.0   0.91728
309.0   0.91666
310.0   0.91584
311.0   0.91488
312.0   0.91388
313.0   0.91284
314.0   0.91184
315.0   0.91092
316.0   0.91008
317.0   0.90932
318.0   0.90874
319.0   0.90826
320.0   0.90788
321.0   0.90756
322.0   0.90736
323.0   0.90722
324.0   0.90712
325.0   0.90702
326.0   0.90692
327.0   0.90684
328.0   0.90672
329.0   0.90656
330.0   0.90634
331.0   0.9061
332.0   0.90584
333.0   0.90554
334.0   0.90524
335.0   0.90494
336.0   0.90464
337.0   0.90436
338.0   0.90418
339.0   0.90398
340.0   0.90388
341.0   0.90382
342.0   0.90386
343.0   0.90396
344.0   0.90414
345.0   0.9044
346.0   0.90472
347.0   0.90512
348.0   0.9055
349.0   0.90598
350.0   0.90648
351.0   0.90692
352.0   0.90736
353.0   0.90774
354.0   0.9081
355.0   0.9084
356.0   0.90862
357.0   0.9087
358.0   0.90864
359.0   0.9085
360.0   0.90816
361.0   0.9077
362.0   0.90708
363.0   0.90628
364.0   0.90528
365.0   0.90416
366.0   0.90286
367.0   0.90144
368.0   0.8999
369.0   0.89826
370.0   0.89654
371.0   0.8948
372.0   0.89302
373.0   0.89132
374.0   0.88966
375.0   0.8881
376.0   0.88666
377.0   0.88542
378.0   0.88434
379.0   0.88346
380.0   0.88284
381.0   0.88242
382.0   0.88226
383.0   0.88242
384.0   0.88274
385.0   0.88334
386.0   0.8842
387.0   0.88524
388.0   0.88656
389.0   0.88804
390.0   0.88968
391.0   0.8915
392.0   0.89342
393.0   0.89548
394.0   0.89762
395.0   0.89982
396.0   0.9021
397.0   0.90438
398.0   0.90668
399.0   0.90896
400.0   0.91118
401.0   0.91334
402.0   0.9154
403.0   0.91742
404.0   0.9193
405.0   0.92108
406.0   0.92272
407.0   0.92422
408.0   0.92558
409.0   0.9268
410.0   0.92782
411.0   0.92866
412.0   0.92934
413.0   0.92986
414.0   0.9302
415.0   0.93034
416.0   0.93032
417.0   0.93016
418.0   0.92984
419.0   0.92938
420.0   0.92878
421.0   0.92808
422.0   0.92724
423.0   0.9263
424.0   0.9253
425.0   0.92428
426.0   0.92318
427.0   0.92206
428.0   0.92094
429.0   0.91982
430.0   0.91872
431.0   0.91766
432.0   0.91664
433.0   0.91568
434.0   0.91482
435.0   0.91404
436.0   0.91336
437.0   0.91278
438.0   0.91228
439.0   0.9119
440.0   0.91166
441.0   0.91148
442.0   0.91142
443.0   0.9115
444.0   0.91166
445.0   0.91196
446.0   0.9123
447.0   0.91278
448.0   0.91334
449.0   0.91398
450.0   0.91472
451.0   0.91552
452.0   0.9164
453.0   0.91732
454.0   0.9183
455.0   0.9193
456.0   0.92034
457.0   0.92142
458.0   0.92246
459.0   0.92358
460.0   0.92468
461.0   0.92576
462.0   0.92684
463.0   0.92792
464.0   0.92894
465.0   0.92998
466.0   0.93092
467.0   0.93184
468.0   0.93278
469.0   0.93364
470.0   0.93444
471.0   0.9352
472.0   0.93592
473.0   0.93658
474.0   0.93718
475.0   0.9377
476.0   0.93822
477.0   0.93866
478.0   0.93902
479.0   0.93936
480.0   0.9396
481.0   0.93984
482.0   0.93998
483.0   0.9401
484.0   0.94016
485.0   0.94022
486.0   0.9402
487.0   0.94008
488.0   0.93998
489.0   0.93986
490.0   0.93972
491.0   0.9395
492.0   0.93928
493.0   0.93902
494.0   0.93878
495.0   0.93846
496.0   0.93816
497.0   0.93784
498.0   0.93752
499.0   0.93718
500.0   0.93686
501.0   0.9365
502.0   0.93618
503.0   0.93582
504.0   0.93548
505.0   0.93512
506.0   0.93478
507.0   0.93442
508.0   0.93412
509.0   0.9338
510.0   0.93348
511.0   0.93318
512.0   0.93288
513.0   0.9326
514.0   0.93232
515.0   0.93206
516.0   0.93182
517.0   0.9316
518.0   0.93134
519.0   0.93112
520.0   0.93094
521.0   0.93074
522.0   0.93054
523.0   0.93038
524.0   0.93022
525.0   0.93012
526.0   0.92996
527.0   0.92982
528.0   0.9297
529.0   0.92962
530.0   0.92952
531.0   0.92944
532.0   0.92936
533.0   0.92932
534.0   0.92922
535.0   0.92918
536.0   0.92912
537.0   0.9291
538.0   0.92908
539.0   0.92906
540.0   0.92904
541.0   0.92904
542.0   0.92904
543.0   0.92902
544.0   0.92902
545.0   0.92906
546.0   0.92906
547.0   0.92908
548.0   0.92912
549.0   0.92912
550.0   0.92918
551.0   0.9292
552.0   0.92926
553.0   0.92932
554.0   0.92936
555.0   0.9294
556.0   0.92948
557.0   0.92954
558.0   0.92962
559.0   0.92968
560.0   0.92978
561.0   0.92984
562.0   0.92992
563.0   0.93002
564.0   0.93012
565.0   0.93026
566.0   0.93034
567.0   0.93048
568.0   0.93058
569.0   0.9307
570.0   0.93082
571.0   0.93096
572.0   0.93112
573.0   0.93124
574.0   0.93138
575.0   0.93154
576.0   0.93172
577.0   0.93188
578.0   0.93206
579.0   0.93222
580.0   0.9324
581.0   0.93258
582.0   0.93276
583.0   0.93296
584.0   0.93314
585.0   0.93334
586.0   0.93356
587.0   0.93376
588.0   0.93396
589.0   0.93416
590.0   0.9344
591.0   0.93462
592.0   0.93482
593.0   0.93504
594.0   0.93526
595.0   0.93546
596.0   0.93568
597.0   0.9359
598.0   0.93616
599.0   0.93636
600.0   0.9366
601.0   0.93684
602.0   0.937
603.0   0.93724
604.0   0.93746
605.0   0.9377
606.0   0.93788
607.0   0.9381
608.0   0.93828
609.0   0.93848
610.0   0.9387
611.0   0.93888
612.0   0.93908
613.0   0.93926
614.0   0.9394
615.0   0.9396
616.0   0.93976
617.0   0.9399
618.0   0.94006
619.0   0.94022
620.0   0.94034
621.0   0.94046
622.0   0.94058
623.0   0.9407
624.0   0.94082
625.0   0.94092
626.0   0.941
627.0   0.94108
628.0   0.94116
629.0   0.94122
630.0   0.9413
631.0   0.94132
632.0   0.94136
633.0   0.94138
634.0   0.9414
635.0   0.94142
636.0   0.9414
637.0   0.94142
638.0   0.94138
639.0   0.94136
640.0   0.9413
641.0   0.9413
642.0   0.94124
643.0   0.94116
644.0   0.9411
645.0   0.94102
646.0   0.94094
647.0   0.94086
648.0   0.94074
649.0   0.94062
650.0   0.9405
651.0   0.94038
652.0   0.94024
653.0   0.94012
654.0   0.93998
655.0   0.93982
656.0   0.93966
657.0   0.9395
658.0   0.93932
659.0   0.93916
660.0   0.93898
661.0   0.9388
662.0   0.93858
663.0   0.93842
664.0   0.93824
665.0   0.938
666.0   0.93778
667.0   0.9376
668.0   0.93738
669.0   0.93716
670.0   0.93692
671.0   0.9367
672.0   0.93652
673.0   0.9363
674.0   0.93606
675.0   0.93584
676.0   0.9356
677.0   0.9354
678.0   0.93514
679.0   0.93494
680.0   0.9347
681.0   0.93448
682.0   0.93424
683.0   0.93404
684.0   0.93382
685.0   0.9336
686.0   0.93338
687.0   0.93318
688.0   0.93296
689.0   0.93274
690.0   0.93252
691.0   0.93236
692.0   0.93212
693.0   0.9319
694.0   0.93176
695.0   0.93156
696.0   0.93138
697.0   0.9312
698.0   0.931
699.0   0.93082
700.0   0.93068
701.0   0.93052
702.0   0.93036
703.0   0.9302
704.0   0.93004
705.0   0.9299
706.0   0.92976
707.0   0.92964
708.0   0.92952
709.0   0.9294
710.0   0.92926
711.0   0.92916
712.0   0.92904
713.0   0.92896
714.0   0.92886
715.0   0.92878
716.0   0.9287
717.0   0.92862
718.0   0.92854
719.0   0.92848
720.0   0.92844
721.0   0.92838
722.0   0.92834
723.0   0.9283
724.0   0.92826
725.0   0.92822
726.0   0.92822
727.0   0.9282
728.0   0.92818
729.0   0.92818
730.0   0.92818
731.0   0.92816
732.0   0.92818
733.0   0.9282
734.0   0.92824
735.0   0.92826
736.0   0.92826
737.0   0.92832
738.0   0.92836
739.0   0.92838
740.0   0.92846
741.0   0.9285
742.0   0.92856
743.0   0.92862
744.0   0.9287
745.0   0.92878
746.0   0.92886
747.0   0.92892
748.0   0.929
749.0   0.92908
750.0   0.92918
751.0   0.92928
752.0   0.92938
753.0   0.92946
754.0   0.92958
755.0   0.9297
756.0   0.92978
757.0   0.9299
758.0   0.93004
759.0   0.93012
760.0   0.93024
761.0   0.93034
762.0   0.9305
763.0   0.9306
764.0   0.93074
765.0   0.93086
766.0   0.931
767.0   0.93114
768.0   0.93126
769.0   0.93138
770.0   0.93156
771.0   0.93168
772.0   0.9318
773.0   0.93196
774.0   0.9321
775.0   0.9322
776.0   0.93238
777.0   0.93252
778.0   0.93266
779.0   0.9328
780.0   0.93292
781.0   0.9331
782.0   0.93322
783.0   0.93336
784.0   0.93352
785.0   0.93368
786.0   0.9338
787.0   0.93394
788.0   0.9341
789.0   0.93422
790.0   0.93434
791.0   0.93452
792.0   0.93462
793.0   0.93476
794.0   0.9349
795.0   0.93502
796.0   0.93514
797.0   0.93528
798.0   0.9354
799.0   0.93556
800.0   0.93566
801.0   0.9358
802.0   0.93588
803.0   0.936
804.0   0.93614
805.0   0.93624
806.0   0.93634
807.0   0.93648
808.0   0.93658
809.0   0.93668
810.0   0.93676
811.0   0.9369
812.0   0.93698
813.0   0.9371
814.0   0.9372
815.0   0.93728
816.0   0.93738
817.0   0.93748
818.0   0.93758
819.0   0.93768
820.0   0.93774
821.0   0.93782
822.0   0.9379
823.0   0.93796
824.0   0.93806
825.0   0.93812
826.0   0.9382
827.0   0.93828
828.0   0.93834
829.0   0.93842
830.0   0.93846
831.0   0.93852
832.0   0.9386
833.0   0.93864
834.0   0.9387
835.0   0.93876
836.0   0.93884
837.0   0.93888
838.0   0.9389
839.0   0.93894
840.0   0.939
841.0   0.93904
842.0   0.9391
843.0   0.9391
844.0   0.93916
845.0   0.9392
846.0   0.93922
847.0   0.93926
848.0   0.9393
849.0   0.93932
850.0   0.93936
851.0   0.9394
852.0   0.93942
853.0   0.93944
854.0   0.93946
855.0   0.93948
856.0   0.9395
857.0   0.93954
858.0   0.93956
859.0   0.93956
860.0   0.93958
861.0   0.93958
862.0   0.9396
863.0   0.9396
864.0   0.93962
865.0   0.93962
866.0   0.93962
867.0   0.93964
868.0   0.93964
869.0   0.93966
870.0   0.93962
871.0   0.93964
872.0   0.93966
873.0   0.93966
874.0   0.93966
875.0   0.93964
876.0   0.93964
877.0   0.93964
878.0   0.93964
879.0   0.93962
880.0   0.93964
881.0   0.93962
882.0   0.93962
883.0   0.93962
884.0   0.93962
885.0   0.9396
886.0   0.93958
887.0   0.93958
888.0   0.93954
889.0   0.93956
890.0   0.93956
891.0   0.93954
892.0   0.9395
893.0   0.9395
894.0   0.9395
895.0   0.93946
896.0   0.93944
897.0   0.93942
898.0   0.93942
899.0   0.9394
900.0   0.93938
901.0   0.93938
902.0   0.93936
903.0   0.93934
904.0   0.9393
905.0   0.9393
906.0   0.93928
907.0   0.93926
908.0   0.93924
909.0   0.93924
910.0   0.93922
911.0   0.93918
912.0   0.93918
913.0   0.93916
914.0   0.93916
915.0   0.93908
916.0   0.93908
917.0   0.93906
918.0   0.93906
919.0   0.93902
920.0   0.93902
921.0   0.939
922.0   0.93898
923.0   0.93892
924.0   0.93892
925.0   0.9389
926.0   0.93888
927.0   0.93886
928.0   0.93884
929.0   0.93884
930.0   0.9388
931.0   0.93878
932.0   0.93874
933.0   0.93874
934.0   0.93874
935.0   0.93872
936.0   0.93864
937.0   0.93864
938.0   0.93864
939.0   0.93862
940.0   0.93858
941.0   0.93854
942.0   0.93854
943.0   0.93854
944.0   0.9385
945.0   0.93848
946.0   0.93844
947.0   0.93844
948.0   0.93842
949.0   0.93838
950.0   0.93838
951.0   0.93834
952.0   0.93834
953.0   0.9383
954.0   0.93828
955.0   0.93828
956.0   0.93824
957.0   0.9382
958.0   0.93818
959.0   0.93818
960.0   0.93818
961.0   0.93814
962.0   0.9381
963.0   0.93808
964.0   0.93808
965.0   0.93808
966.0   0.93802
967.0   0.93798
968.0   0.93798
969.0   0.93798
970.0   0.93792
971.0   0.93792
972.0   0.9379
973.0   0.93788
974.0   0.93788
975.0   0.93782
976.0   0.93782
977.0   0.9378
978.0   0.9378
979.0   0.93772
980.0   0.93772
981.0   0.93772
982.0   0.9377
983.0   0.93764
984.0   0.93764
985.0   0.93762
986.0   0.93762
987.0   0.93758
988.0   0.93754
989.0   0.93754
990.0   0.93754
991.0   0.93752
992.0   0.93744
993.0   0.93744
994.0   0.93744
995.0   0.93744
996.0   0.93738
997.0   0.93736
998.0   0.93736
999.0   0.93736
1000.0   0.9373